CAU	AUScore	AUScale	CauPopn
500100	1129	10	333
500202	1085	9	3183
500203	1045	8	1233
500204	1054	8	1593
500205	1083	9	894
500206	1165	10	585
500207	1093	9	756
500208	1074	9	1530
500301	1088	9	3075
500302	1064	9	1902
500401	1120	10	471
500402	1105	10	2079
500500	1161	10	198
500600	1109	10	435
500700	1182	10	417
500801	1153	10	2190
500802	1171	10	2514
500900	965	5	2466
501000	1042	8	759
501100	1021	7	1410
501200	1027	7	477
501300	968	5	339
501400	1087	9	1455
501500	1164	10	1860
501610	973	5	2664
501620	1079	9	2358
501631	1052	8	582
501632	1020	7	606
501633	999	6	1509
501634	1122	10	2151
501700	1143	10	4050
501802	991	6	3033
501805	968	5	2757
501806	1043	8	2658
501807	1009	7	993
501808	1018	7	2466
501809	950	4	2055
501810	930	3	663
501811	959	4	1401
501812	1017	7	1521
502001	976	5	936
502002	1007	7	333
502003	913	2	450
502004	941	3	282
502005	989	6	717
502101	941	3	2742
502102	1021	7	2781
502201	1083	9	2601
502202	1021	7	2814
502300	962	4	2295
502400	1287	10	2202
502500	933	3	204
502600	1043	8	1266
502700	1015	7	2091
502800	1034	8	1635
502900	1015	7	1509
503000	1068	9	1416
503100	1136	10	180
503200	977	5	723
503300	1008	7	993
503400	903	1	1098
503500	1150	10	1749
503600	1065	9	2013
503700	948	4	1149
503800	1095	9	2859
503900	1151	10	36
504000	1024	7	3540
504100	1056	8	1998
504300	1091	9	1341
504400	1055	8	495
504501	1010	7	3069
504502	975	5	1650
504600	1053	8	4692
504700	1007	7	888
504800	1004	6	483
504900	1022	7	384
505010	1017	7	4227
505020	1059	9	798
505300	1045	8	1689
505400	1002	6	399
505500	974	5	2265
505600	939	3	4341
505700	916	2	687
505801	997	6	4605
505802	945	3	4458
505901	970	5	5427
505902	975	5	4326
505903	947	4	1422
506000	955	4	1092
506200	929	3	639
506300	900	1	1059
506400	920	2	378
506611	983	5	4356
506613	990	6	2361
506614	922	2	1935
506620	0	0	0
506631	991	6	2280
506632	932	3	576
506641	1041	8	894
506642	1012	7	741
506643	966	5	1662
506651	962	4	1461
506652	935	3	1221
506653	896	1	1497
506800	1062	9	1665
506901	917	2	2142
506902	923	2	3015
506903	929	2	3714
507000	932	3	3540
507101	935	3	3147
507102	913	2	3738
507200	913	2	3576
507300	901	1	3657
507400	888	1	4497
507500	879	1	1950
507710	886	1	2517
507720	913	2	2739
507800	937	3	4590
507900	954	4	3564
508010	938	3	2184
508020	927	2	4758
508110	954	4	2838
508120	969	5	2262
508210	947	4	3153
508220	955	4	2862
508310	951	4	3771
508320	956	4	3228
508411	957	4	4314
508412	927	2	1770
508420	957	4	4626
508510	911	2	4401
508520	946	3	4917
508610	914	2	4272
508620	924	2	2406
508700	953	4	1494
508800	940	3	2706
508900	897	1	618
509000	950	4	1779
509100	897	1	2514
509300	951	4	3765
509400	951	4	5187
509500	914	2	1995
509701	945	3	3579
509702	1034	8	3438
509800	927	2	3426
510010	1005	6	4638
510020	972	5	4017
510210	1003	6	2679
510220	959	4	3039
510401	914	2	2790
510402	872	1	3219
510500	923	2	3246
510700	980	5	3615
510800	1046	8	3672
511001	1008	7	2478
511002	1004	6	3219
511100	1007	7	5103
511300	1072	9	4818
511401	1047	8	3114
511402	1022	7	3252
511601	961	4	3705
511602	975	5	1848
511700	1046	8	3228
511800	983	5	2859
511901	930	3	2391
511902	932	3	3546
512000	914	2	2943
512100	955	4	3000
512201	1023	7	2487
512202	1026	7	3348
512300	987	6	3036
512401	986	6	2619
512402	946	3	3261
512500	982	5	4362
512600	923	2	3192
512700	913	2	2058
512801	971	5	2022
512802	967	5	393
512901	999	6	3660
512902	908	2	1986
513010	996	6	4887
513020	928	2	1776
513100	962	4	2406
513210	1058	9	6006
513220	959	4	417
513301	1038	8	3132
513302	1025	7	3246
513410	919	2	1632
513420	927	2	1578
513430	893	1	1896
513510	1019	7	2523
513521	1033	8	3933
513522	884	1	1875
513530	1006	7	4674
513610	934	3	321
513620	985	6	1020
513631	1012	7	3330
513632	1002	6	3561
513701	920	2	660
513702	938	3	1416
513800	1002	6	1785
514000	1070	9	3345
514100	1079	9	1455
514200	1053	8	234
514300	1022	7	1209
514401	1050	8	3321
514402	1057	8	4050
514500	949	4	5118
514600	984	6	3606
514700	924	2	4626
514801	1068	9	3678
514802	1125	10	2739
514900	1113	10	2604
515001	1018	7	2820
515002	1024	7	3558
515003	1108	10	1224
515100	995	6	3954
515201	943	3	2808
515202	979	5	2043
515301	1006	6	2307
515302	1019	7	3102
515410	1042	8	3108
515420	1047	8	3030
515430	1092	9	3213
515500	1081	9	1029
515600	1087	9	735
515700	939	3	2871
515801	936	3	2625
515802	898	1	2892
515901	930	3	1839
515902	975	5	2712
516001	932	3	963
516002	932	3	2877
516003	920	2	3258
516101	919	2	2373
516102	888	1	3642
516201	899	1	2868
516202	880	1	3501
516301	954	4	4926
516302	897	1	3717
516400	1061	9	4125
516500	916	2	4332
516601	905	1	2715
516602	889	1	2997
516700	892	1	3987
516800	887	1	3429
516900	1015	7	4617
517001	1164	10	3612
517002	1225	10	2649
517100	1264	10	3585
517200	1024	7	2358
517400	1051	8	1005
517500	1055	8	3744
517600	1052	8	3051
517701	1019	7	2493
517702	1013	7	3354
517703	1037	8	2589
517800	957	4	4296
517901	1019	7	1965
517902	1100	10	2178
517903	991	6	3486
518101	1062	9	2457
518102	1029	7	2712
518201	977	5	4674
518202	956	4	2346
518301	948	4	3186
518302	966	5	3651
518500	1094	9	4038
518600	922	2	4227
518701	956	4	4734
518702	954	4	3507
518801	1183	10	2844
518802	1126	10	1992
518803	1099	10	3744
518901	941	3	3939
518902	920	2	3369
519001	905	1	2814
519002	1050	8	3261
519200	960	4	3384
519300	905	1	2061
519400	979	5	4275
519500	1005	6	441
519710	1036	8	2829
519720	1006	7	3024
519810	984	5	2988
519820	1120	10	2379
519900	1159	10	2985
520000	1126	10	2430
520201	970	5	4554
520202	1028	7	1215
520300	1069	9	4845
520401	1062	9	3102
520402	1028	7	3750
520500	1097	9	4635
520601	1196	10	3798
520602	1000	6	1803
520801	1124	10	5370
520802	0	0	0
520900	0	0	0
521000	0	0	0
521111	948	4	651
521112	949	4	555
521113	927	2	900
521114	955	4	135
521115	981	5	198
521121	917	2	1593
521122	931	3	3987
521131	957	4	1116
521132	915	2	2502
521133	956	4	1797
521151	965	5	1917
521152	934	3	1605
521153	953	4	1554
521160	921	2	825
521201	906	1	576
521202	899	1	384
521203	894	1	240
521301	920	2	2547
521302	930	3	447
521501	890	1	2652
521502	887	1	4152
521601	909	2	2385
521602	939	3	4329
521800	1149	10	6315
521901	1160	10	3609
521902	1088	9	135
522100	1028	7	3705
522201	1006	7	3768
522202	988	6	3354
522301	958	4	2361
522302	1027	7	3879
522400	992	6	3021
522601	899	1	4068
522602	894	1	2223
522603	858	1	1722
522711	943	3	2844
522712	908	2	3558
522721	926	2	897
522722	922	2	3189
522723	920	2	2508
522730	905	1	3402
522810	896	1	4092
522820	890	1	2589
522910	924	2	2883
522920	969	5	3081
523000	937	3	4431
523101	878	1	3558
523102	863	1	1164
523103	884	1	1365
523104	886	1	759
523201	882	1	1881
523202	899	1	1278
523300	939	3	3591
523401	1168	10	1677
523402	1249	10	2865
523501	1174	10	1536
523502	1214	10	4248
523601	1195	10	3168
523602	1224	10	4035
523710	1157	10	3993
523721	1122	10	4614
523722	997	6	3576
523811	890	1	1413
523812	1121	10	2370
523813	932	3	684
523820	918	2	3204
523910	1071	9	3681
523920	967	5	4011
524001	968	5	3036
524002	1024	7	4464
524111	1149	10	2808
524112	1135	10	3594
524121	1217	10	1743
524122	1198	10	3516
524200	1061	9	2472
524301	1017	7	4077
524302	1100	10	4557
524303	1017	7	4380
524401	1137	10	4353
524402	1228	10	375
524510	1183	10	3678
524520	1137	10	3843
524530	1159	10	3993
524601	1048	8	2475
524602	1246	10	3162
524711	1070	9	2832
524712	1124	10	1896
524713	1126	10	2715
524720	1060	9	4800
524810	1008	7	4593
524820	1131	10	4200
524901	926	2	4191
524902	1053	8	2145
525001	1037	8	3093
525002	1060	9	1743
525101	1033	8	4266
525102	1004	6	4014
525200	932	3	2538
525410	1092	9	1863
525420	1029	8	1917
525510	1186	10	1527
525520	940	3	2619
525530	1053	8	2943
525540	900	1	2691
525610	1134	10	4299
525620	1014	7	1440
525630	994	6	3207
525700	1068	9	2550
525910	1098	9	4638
525921	949	4	3849
525922	948	4	1809
526101	971	5	4503
526102	946	3	921
526200	1063	9	2421
526400	1139	10	18
526500	1095	9	2277
526601	1004	6	2874
526602	982	5	1191
526603	925	2	798
526701	1004	6	2838
526702	976	5	888
526900	1003	6	960
527002	915	2	339
527003	907	1	597
527004	922	2	1272
527111	940	3	1986
527112	1079	9	462
527121	907	1	1683
527122	983	5	654
527123	943	3	1617
527131	929	3	2766
527132	940	3	1326
527210	948	4	1629
527221	983	5	831
527222	1093	9	525
527401	1255	10	3051
527402	1042	8	4035
527501	976	5	2331
527502	977	5	2358
527503	1012	7	588
527504	981	5	2385
527505	984	5	2943
527600	963	4	450
527700	1086	9	1749
527810	880	1	321
527820	1010	7	1239
527911	977	5	870
527912	915	2	861
527913	940	3	1386
527914	903	1	1260
527915	915	2	732
527921	904	1	372
527922	941	3	921
527923	938	3	462
527924	923	2	498
527925	1098	9	786
527931	925	2	324
527932	907	1	678
527934	927	2	1677
527935	926	2	606
527936	932	3	549
527937	956	4	162
528000	961	4	792
528200	1135	10	5055
528310	976	5	5169
528320	903	1	2262
528402	958	4	1398
528403	950	4	315
528404	911	2	222
528501	979	5	3717
528502	1074	9	4425
528601	918	2	3384
528602	976	5	3816
528700	935	3	2787
528800	1035	8	3108
528900	1076	9	1725
529000	1092	9	3846
529100	963	4	3477
529200	993	6	4176
529300	929	2	4413
529401	927	2	3084
529402	950	4	3468
529501	1094	9	1464
529502	1174	10	2532
529503	970	5	2442
529600	898	1	2217
529700	1093	9	2109
529800	1096	9	2703
529900	1003	6	2403
530000	1087	9	3762
530100	1044	8	2232
530200	1053	8	3144
530300	1027	7	3771
530400	1082	9	3537
530500	982	5	3144
530600	982	5	2208
530700	924	2	2979
530800	906	1	2283
531001	999	6	1095
531002	1006	7	2823
531003	1020	7	2013
531004	1029	7	2694
531100	1110	10	444
531200	1050	8	2580
531301	997	6	1476
531302	953	4	4344
531500	1017	7	495
531600	1005	6	258
531710	1045	8	525
531720	976	5	1557
531731	967	5	882
531732	1101	10	84
531800	1038	8	1362
532000	1079	9	4713
532200	923	2	123
532300	1072	9	183
532400	1153	10	327
532501	1025	7	1908
532502	1075	9	351
532601	1012	7	600
532602	1056	8	207
532700	987	6	1164
532901	1079	9	1563
532902	1079	9	3090
532903	1078	9	657
532904	1070	9	744
533000	1042	8	2382
533100	1025	7	1269
533200	1042	8	2889
533300	1047	8	3051
533400	1041	8	1131
533501	999	6	2418
533502	1003	6	3951
533602	924	2	570
533603	1026	7	2799
533604	978	5	915
533800	973	5	960
533901	954	4	2604
533902	946	3	1218
533903	1017	7	501
534100	1027	7	1767
534200	1008	7	3261
534300	1060	9	3996
534400	1102	10	4320
534500	948	4	2607
534601	944	3	7107
534602	999	6	516
534800	1003	6	3669
534900	988	6	5634
535000	1162	10	633
535100	1009	7	732
535211	967	5	192
535212	917	2	246
535220	935	3	1767
535231	957	4	882
535232	951	4	1023
535241	929	3	1620
535242	947	3	924
535250	957	4	2229
535261	933	3	969
535262	947	3	504
535310	981	5	2181
535320	1092	9	903
535330	1074	9	2496
535340	1105	10	2496
535350	1133	10	1116
535360	1017	7	3756
535370	1054	8	2877
535380	1019	7	276
535500	982	5	5679
535600	1045	8	4143
535700	1069	9	393
535800	1026	7	2280
535900	1104	10	840
536000	946	3	1296
536200	1030	8	3747
536400	1022	7	438
536502	1063	9	1989
536503	959	4	1800
536504	969	5	1215
536505	1097	9	468
536506	961	4	3
536507	0	0	0
536611	0	0	0
536612	979	5	2625
536613	0	0	0
536620	942	3	2202
536630	952	4	2844
536641	958	4	390
536642	955	4	1416
536651	1062	9	636
536652	1015	7	4074
536810	1035	8	2700
536820	977	5	3906
536831	1043	8	3687
536832	1025	7	2439
537000	919	2	4515
537100	998	6	2715
537201	954	4	3513
537202	930	3	3168
537301	1005	6	3771
537302	999	6	1488
537400	1018	7	1878
537500	1054	8	2496
537600	1024	7	3651
537700	1120	10	2046
537800	1070	9	681
537900	1004	6	2361
538000	954	4	2262
538101	1064	9	1677
538102	1010	7	3915
538201	1008	7	1854
538202	1041	8	18
538300	1008	7	4110
538501	1037	8	2598
538502	1029	8	3456
538601	1090	9	2763
538602	1054	8	1239
538720	1108	10	894
538730	893	1	2760
538741	1080	9	2916
538742	1029	7	1896
538810	926	2	1629
538820	1033	8	2253
538831	1205	10	585
538832	935	3	1401
538841	964	4	1350
538842	993	6	666
538850	927	2	1407
538861	973	5	135
538863	981	5	528
538864	1060	9	636
539000	1086	9	1173
539100	1111	10	3672
539200	1080	9	1950
539310	1095	9	2223
539320	982	5	1794
539400	1052	8	2439
539500	946	3	1881
539600	1312	10	2076
539700	990	6	1410
539800	919	2	1359
539900	1055	8	1629
540000	904	1	4008
540100	992	6	1506
540200	1119	10	1968
540300	1115	10	264
540410	1124	10	1305
540420	1120	10	1701
540510	956	4	1926
540520	1101	10	2109
540600	1080	9	1314
540700	1157	10	261
540900	1191	10	1560
541000	1104	10	3825
541311	924	2	777
541312	1048	8	549
541313	1005	6	30
541314	969	5	417
541315	1069	9	108
541316	940	3	180
541320	961	4	1365
541331	978	5	1452
541342	1081	9	213
541343	1023	7	1563
541501	1057	9	225
541502	0	0	0
541503	1053	8	45
541710	976	5	1071
541720	1056	8	3489
541730	1042	8	3861
541740	958	4	2898
541750	926	2	1482
541760	986	6	2118
541900	956	4	2184
542000	1097	9	606
542100	1163	10	870
542200	1023	7	1818
542300	1094	9	609
542410	1045	8	3000
542421	958	4	432
542422	1055	8	3027
542430	1082	9	3015
542440	986	6	3603
542511	1112	10	486
542512	922	2	117
542520	1047	8	534
542530	951	4	3189
542540	1012	7	1590
542550	1061	9	1638
542561	1108	10	576
542562	1109	10	1824
542600	1054	8	8286
542700	1163	10	2352
542800	1138	10	4056
542901	1183	10	300
542902	1040	8	2568
542903	1174	10	1047
542904	1100	10	384
543301	1155	10	2820
543302	1199	10	825
543303	1188	10	498
543601	1021	7	1881
543602	1113	10	573
543800	1038	8	333
543901	964	4	771
543902	935	3	273
543903	918	2	1212
544001	988	6	1872
544002	979	5	2160
544003	1000	6	666
544004	1150	10	744
544200	1043	8	4230
544300	1043	8	4098
544400	1157	10	2802
544500	934	3	3549
544600	1054	8	3075
544700	1087	9	4545
544801	1159	10	3066
544802	1132	10	2361
544900	987	6	1098
545201	1060	9	330
545202	1063	9	354
545203	1018	7	375
545204	1014	7	876
545301	1076	9	795
545302	1079	9	1008
545303	1087	9	324
545304	1089	9	783
545500	1086	9	5043
545611	989	6	1560
545621	891	1	507
545631	954	4	1062
545632	986	6	309
545710	910	2	1041
545721	965	5	936
545722	1029	7	795
545730	1004	6	1362
545740	991	6	1914
545750	905	1	600
545761	907	1	399
545762	913	2	789
545811	981	5	498
545812	944	3	531
545821	955	4	1422
545822	1085	9	417
545831	956	4	300
545832	1002	6	600
545841	989	6	801
545842	1003	6	804
545851	1007	7	1041
545852	981	5	729
545860	989	6	702
545911	1028	7	678
545912	982	5	369
545913	995	6	291
546100	1010	7	1029
546200	1096	9	723
546300	947	4	1224
546400	974	5	36
546500	1091	9	4254
546600	1109	10	4245
546700	1230	10	3501
546801	968	5	2946
546802	1007	7	2844
546901	1077	9	2355
546902	1070	9	2316
547001	1018	7	2712
547002	988	6	2892
547100	963	4	4011
547200	926	2	4551
547300	959	4	4620
547400	972	5	3348
547600	1028	7	3393
547700	1029	7	2769
547800	945	3	1287
547900	1053	8	3843
548000	1051	8	3813
548100	982	5	2814
548200	1053	8	2955
548300	1063	9	4056
548400	939	3	54
548500	1194	10	1941
548611	1222	10	3141
548612	1131	10	2967
548620	1104	10	4185
548810	1058	9	1500
548820	922	2	2820
548830	895	1	4698
549000	1056	8	594
549100	1009	7	1824
549200	962	4	2457
549400	1090	9	525
549500	1020	7	3711
549601	1035	8	240
549602	960	4	3210
549800	962	4	3606
549901	991	6	675
549902	979	5	9
550101	994	6	2352
550102	1053	8	3354
550200	942	3	1182
550500	1061	9	1632
550600	1007	7	399
550700	980	5	1902
550800	931	3	1062
550901	1007	7	3804
550902	956	4	186
551012	990	6	864
551013	960	4	306
551014	949	4	708
551021	889	1	612
551022	888	1	1998
551023	884	1	468
551024	892	1	1077
551030	918	2	408
551111	925	2	1656
551112	943	3	2025
551120	1020	7	477
551301	1110	10	3828
551302	1075	9	2808
551400	1062	9	3807
551501	996	6	2100
551502	984	6	1884
551503	1136	10	2277
551600	923	2	1485
551700	998	6	3465
551800	1116	10	603
551900	1041	8	1851
552001	1020	7	945
552002	1005	6	1443
552100	994	6	3459
552200	977	5	1584
552300	969	5	2655
552400	999	6	3615
552500	983	5	4827
552701	917	2	486
552702	938	3	2592
552800	1002	6	3183
552900	1035	8	237
553001	1062	9	228
553002	953	4	933
553003	940	3	1365
553004	946	3	1365
553101	1047	8	3345
553102	1048	8	2280
553200	1068	9	1635
553301	1020	7	333
553302	971	5	3090
553400	1058	9	384
553500	929	2	1986
553601	1039	8	2256
553700	956	4	1695
553800	1105	10	1080
553900	1030	8	879
554010	1003	6	4050
554020	1027	7	4092
554111	952	4	765
554112	907	1	951
554113	957	4	708
554120	993	6	642
554130	997	6	675
554300	1081	9	102
554400	959	4	1161
554500	989	6	933
554700	1173	10	1470
554800	1065	9	987
554900	1018	7	1239
555000	1050	8	1293
555100	1091	9	1194
555200	895	1	831
555300	929	3	1158
555400	974	5	1257
555700	1104	10	2451
555800	1145	10	1572
555900	1162	10	1311
556000	1306	10	435
556100	975	5	1614
556200	1022	7	3204
556300	1058	9	1305
556400	1221	10	1824
556500	941	3	1458
556600	911	2	1821
556700	993	6	1188
556800	1147	10	2481
556900	1117	10	1437
557000	1051	8	354
557100	1099	9	447
557200	908	2	2094
557300	1105	10	1971
557400	1046	8	2457
557500	1026	7	2082
557600	1151	10	1953
557700	1033	8	2334
557800	886	1	696
557900	965	5	1512
558100	988	6	345
558200	916	2	549
558300	988	6	2238
558500	938	3	2310
558600	1085	9	165
558700	1029	8	501
558800	1150	10	426
558900	961	4	1710
559000	972	5	24
559210	962	4	699
559220	954	4	2337
559230	971	5	3255
559240	1034	8	105
559400	1059	9	2085
559500	1030	8	4944
559700	947	4	1506
560000	949	4	963
560200	972	5	2523
560301	970	5	588
560302	894	1	597
560411	984	6	129
560412	910	2	336
560421	952	4	393
560422	938	3	1992
560710	1014	7	3675
560720	976	5	3330
560730	1034	8	2793
560740	980	5	2907
560900	1035	8	507
561000	964	4	579
561100	1102	10	264
561200	1154	10	456
561300	1100	10	1770
561410	925	2	273
561421	887	1	264
561422	949	4	3078
561500	968	5	909
561700	1107	10	2712
561811	949	4	606
561812	965	5	519
561813	916	2	1062
561820	939	3	1437
561901	927	2	1638
561902	906	1	1044
562100	953	4	4698
562200	984	6	2598
562310	997	6	5127
562320	943	3	2136
562401	966	5	2667
562402	990	6	2784
562500	1057	8	5370
562600	976	5	3006
562710	1116	10	3474
562720	1042	8	3708
562800	1038	8	2871
562910	1046	8	3564
562921	915	2	1383
562922	906	1	3429
563000	1004	6	4332
563101	921	2	4119
563102	901	1	1371
563200	948	4	4647
563300	859	1	1125
563500	1128	10	1557
563600	1041	8	570
563701	960	4	1575
563702	922	2	4572
563703	914	2	1485
563801	1005	6	555
563802	961	4	525
563920	921	2	186
564011	999	6	822
564012	1004	6	1518
564013	948	4	570
564021	971	5	2418
564022	961	4	1080
564023	962	4	516
564210	979	5	3210
564220	1049	8	2856
564231	1043	8	3297
564232	1124	10	2112
564240	986	6	4206
564400	1047	8	5391
564510	875	1	1275
564520	995	6	717
564530	890	1	3282
564600	875	1	138
564800	1009	7	3888
564900	966	5	3195
565000	967	5	2121
565100	1001	6	2751
565200	997	6	2652
565300	972	5	3237
565400	908	1	495
565601	899	1	645
565602	841	1	1161
565603	812	1	246
565604	901	1	1254
565700	887	1	102
565901	956	4	2754
565902	955	4	654
565903	943	3	2898
566000	984	6	5046
566101	938	3	3714
566102	956	4	2853
566200	977	5	1659
566301	0	0	0
566302	967	5	369
566500	914	2	1005
566610	976	5	690
566620	940	3	2268
566700	1040	8	2580
566800	948	4	2364
566900	926	2	3045
567000	992	6	2211
567100	1044	8	309
567200	1034	8	141
567300	1002	6	2109
567400	980	5	3240
567500	937	3	2310
567600	1021	7	2148
567700	1010	7	2538
567800	912	2	3165
567901	938	3	303
567902	878	1	888
568101	922	2	2985
568102	983	5	2157
568103	1079	9	2406
568104	900	1	1719
568201	1164	10	2802
568202	1108	10	2727
568301	1062	9	2034
568302	1118	10	4407
568303	1083	9	3486
568400	941	3	4581
568501	990	6	2856
568502	1029	7	2970
568600	958	4	4971
568701	1064	9	1278
568702	1019	7	2079
568800	1177	10	51
568900	1121	10	1623
569001	872	1	1209
569002	1042	8	453
569100	898	1	3501
569201	986	6	522
569202	978	5	1863
569301	866	1	2064
569302	890	1	3408
569400	881	1	2886
569500	901	1	2625
569600	987	6	330
569800	894	1	1191
569900	1042	8	840
570000	1050	8	2349
570100	1039	8	3294
570300	879	1	4581
570400	1032	8	2334
570500	984	5	1950
570600	1109	10	3312
570700	1113	10	2388
570800	1166	10	723
570900	1132	10	2046
571000	945	3	1134
571100	1233	10	3627
571200	1174	10	1719
571300	1196	10	4164
571400	1223	10	4293
571500	866	1	1923
571600	1060	9	2697
571800	907	1	1683
571900	906	1	1905
572000	885	1	1971
572100	884	1	2388
572200	861	1	2676
572300	0	0	0
572500	863	1	3495
572600	938	3	4044
572701	965	5	3819
572702	867	1	1137
572900	956	4	2556
573000	1022	7	2268
573100	1066	9	423
573200	1076	9	2925
573300	1080	9	2739
573400	1003	6	4362
573510	870	1	3249
573520	918	2	1722
573600	905	1	1761
573700	961	4	2508
573800	915	2	1905
573900	930	3	4098
574000	918	2	3300
574100	943	3	2493
574200	866	1	2295
574301	896	1	1890
574302	879	1	3270
574401	874	1	3042
574402	921	2	2757
574500	884	1	15
574600	872	1	3009
574700	911	2	4134
574800	880	1	2301
574900	937	3	3831
575000	876	1	3381
575100	892	1	3447
575200	925	2	2286
575300	929	2	3348
575400	907	1	372
575500	958	4	540
575600	923	2	3006
575700	928	2	1674
575800	927	2	2148
575900	928	2	1806
576001	940	3	2973
576002	944	3	3246
576100	946	3	3006
576200	1089	9	2088
576300	1071	9	3243
576400	1106	10	4089
576500	1035	8	606
576600	928	2	978
576700	900	1	1455
576800	925	2	3819
576901	1032	8	2655
576902	965	5	2898
577000	999	6	2736
577100	1050	8	3762
577200	958	4	2907
577300	951	4	4419
577400	887	1	1101
577500	898	1	1962
577600	962	4	1950
577700	900	1	642
577900	933	3	1971
578000	986	6	2724
578100	1061	9	687
578200	954	4	1257
578301	952	4	453
578302	910	2	882
578401	945	3	1101
578402	969	5	1599
578600	1111	10	657
578700	1015	7	3135
578800	1127	10	3639
578901	1003	6	2421
578902	1015	7	2823
579000	1036	8	1326
579100	1211	10	273
579200	981	5	3972
579400	918	2	207
579501	950	4	963
579502	957	4	1425
579700	1040	8	4179
579801	956	4	2478
579802	1006	7	396
579900	974	5	1968
580000	1037	8	2586
580100	1040	8	1530
580200	1005	6	408
580300	956	4	1587
580410	899	1	771
580420	932	3	1125
580430	963	4	1245
580442	984	6	645
580443	990	6	2505
580444	947	3	3075
580600	937	3	9
580801	946	3	855
580802	1023	7	573
580900	857	1	3
581100	1029	7	2844
581210	967	5	2799
581220	1075	9	2448
581230	1025	7	2469
581240	998	6	3837
581250	991	6	4062
581260	916	2	3207
581400	1023	7	2004
581500	979	5	1191
581601	1025	7	2904
581602	1014	7	1194
581713	959	4	330
581714	909	2	321
581715	887	1	171
581716	914	2	675
581717	903	1	243
581720	926	2	1017
581811	1028	7	42
581812	1011	7	432
581822	931	3	1008
581823	932	3	1224
581824	939	3	3564
581825	961	4	1044
581830	997	6	3477
581841	1013	7	687
581842	977	5	534
581843	995	6	561
581844	1074	9	384
581850	976	5	783
582000	895	1	1089
582100	925	2	1695
582200	1014	7	15
582300	1030	8	2400
582400	992	6	4017
582500	1049	8	423
582600	1016	7	582
582700	1026	7	885
582800	970	5	1860
582900	979	5	1242
583000	1027	7	1758
583100	917	2	1923
583201	1072	9	1629
583202	1034	8	1443
583300	1013	7	1389
583400	1004	6	1104
583500	973	5	909
583600	954	4	453
583700	922	2	2352
583800	935	3	2151
583900	1059	9	2691
584000	945	3	2976
584201	955	4	3900
584202	936	3	3966
584301	1011	7	3108
584302	1014	7	3105
584401	1024	7	2784
584402	1039	8	441
584403	1106	10	309
584404	1111	10	306
584500	1049	8	4455
584600	1046	8	1080
584700	1029	8	957
584800	900	1	864
584911	1025	7	357
584912	935	3	843
584922	1138	10	360
584923	944	3	45
584924	1004	6	1797
584930	1046	8	759
585000	1091	9	1398
585110	1090	9	1899
585120	1022	7	1005
585130	1076	9	690
585140	961	4	2898
585304	1049	8	315
585305	1047	8	885
585306	1036	8	297
585307	938	3	414
585308	959	4	1005
585309	995	6	333
585310	972	5	516
585311	985	6	390
585312	963	4	201
585313	902	1	150
585400	997	6	3261
585502	1025	7	504
585503	946	3	1455
585504	1040	8	408
585601	952	4	972
585602	1006	7	444
585700	991	6	2502
585802	988	6	813
585803	971	5	1509
585804	919	2	1674
585805	945	3	435
586001	1005	6	204
586002	1074	9	603
586112	989	6	540
586113	939	3	2142
586114	959	4	453
586120	914	2	1227
586301	966	5	3576
586302	947	4	3465
586303	974	5	1449
586304	939	3	375
586401	982	5	3516
586402	989	6	2328
586501	903	1	687
586502	972	5	1020
586600	909	2	1671
586801	982	5	909
586802	1009	7	1338
586900	944	3	1143
587010	929	2	1647
587020	951	4	990
587100	985	6	2283
587301	909	2	4425
587302	882	1	1953
587400	1015	7	2862
587500	998	6	4692
587701	991	6	4734
587702	948	4	1698
587811	930	3	624
587812	1053	8	2199
587820	968	5	2445
587830	981	5	1938
587841	911	2	1503
587842	934	3	303
587843	945	3	897
587844	857	1	729
587902	925	2	225
587903	881	1	297
587904	897	1	3435
587905	899	1	423
588101	934	3	3342
588102	939	3	2826
588200	1030	8	2031
588300	1066	9	2217
588400	923	2	2562
588500	932	3	4497
588600	946	3	2652
588700	930	3	2499
588800	897	1	2724
588900	903	1	2157
589000	957	4	1701
589100	1129	10	2088
589200	890	1	2520
589300	867	1	2271
589400	913	2	2535
589500	882	1	1581
589601	875	1	2253
589602	892	1	1440
589700	881	1	2499
589800	892	1	2820
589900	894	1	3279
590000	898	1	3666
590100	957	4	2136
590200	994	6	1989
590300	1147	10	870
590400	979	5	2931
590500	922	2	3708
590601	989	6	2112
590602	979	5	4812
590700	1000	6	3396
590800	1017	7	2790
590900	1075	9	399
591101	876	1	2910
591102	871	1	2892
591200	928	2	1221
591300	985	6	1392
591500	1081	9	522
591600	1035	8	1371
591700	1142	10	3747
591800	993	6	2157
591900	952	4	3216
592000	944	3	4776
592100	934	3	4002
592200	947	3	2847
592300	920	2	4857
592401	1007	7	2547
592402	1032	8	4293
592500	988	6	2736
592600	1058	9	3198
592701	1058	9	3633
592702	1023	7	3411
592811	941	3	2655
592812	964	4	3153
592820	959	4	1827
592900	937	3	4197
593000	1010	7	2610
593100	1165	10	4869
593200	996	6	2844
593300	1130	10	2325
593400	1069	9	3060
593501	1123	10	4227
593502	1149	10	3210
593600	1059	9	2397
593700	1073	9	1887
593800	1068	9	3660
593900	1079	9	2799
594010	1061	9	3030
594020	1081	9	1833
594100	1087	9	2127
594200	1088	9	3240
594300	961	4	3276
594400	945	3	4044
594500	1126	10	909
594600	1094	9	4935
594700	1134	10	2484
594800	1020	7	4800
594900	944	3	2724
595000	1040	8	3252
595100	928	2	2724
595200	904	1	1851
595300	1026	7	4713
595400	982	5	3201
595500	952	4	2148
595600	1023	7	4203
595700	1035	8	3882
595800	1057	9	2343
595900	947	4	3672
596000	881	1	3582
596100	903	1	3096
596200	962	4	3204
596400	991	6	2922
596501	898	1	597
596502	954	4	873
596600	987	6	75
596800	996	6	600
596900	1008	7	1068
597000	0	0	0
597100	961	4	687
597200	906	1	1605
597300	931	3	1104
597400	971	5	630
597501	926	2	4530
597502	941	3	1017
597503	944	3	306
597600	959	4	975
597711	902	1	972
597712	932	3	315
597720	947	3	2265
597730	946	3	3297
597741	930	3	1734
597742	1009	7	747
597810	936	3	4893
597820	956	4	1101
597830	1032	8	1587
597840	1009	7	1608
597850	1007	7	2478
597860	977	5	2445
598000	991	6	261
598201	934	3	480
598202	897	1	345
598311	953	4	81
598312	976	5	3615
598313	938	3	2856
598314	1042	8	495
598320	963	4	1197
598500	999	6	2112
598600	1003	6	3975
598700	984	6	1014
598800	1023	7	1332
598900	1045	8	3675
599000	979	5	1065
599100	926	2	3417
599200	967	5	1749
599300	897	1	1842
599400	979	5	3051
599500	1047	8	2754
599600	1023	7	2454
599700	1047	8	2679
599800	1054	8	1701
599900	1068	9	84
600100	1090	9	1008
600200	967	5	750
600311	967	5	1446
600312	949	4	195
600320	937	3	180
600410	967	5	4317
600420	987	6	198
600500	1046	8	3099
600600	948	4	681
600811	919	2	210
600812	925	2	435
600813	929	3	210
600822	996	6	99
600824	971	5	459
600825	929	3	654
600826	968	5	3777
600827	942	3	378
600828	977	5	408
600830	934	3	405
600840	1040	8	315
601010	1016	7	3249
601020	1020	7	2736
601030	1008	7	2826
601040	974	5	3081
601200	1034	8	873
601301	975	5	723
601302	961	4	87
601400	987	6	999
601500	1031	8	228
601602	1008	7	495
601603	1042	8	1227
601604	1050	8	393
601605	1012	7	369
601700	914	2	99
601900	904	1	2088
602000	1006	7	1419
602100	943	3	603
602200	938	3	585
602300	1020	7	186
602411	901	1	255
602412	924	2	897
602421	926	2	246
602422	950	4	270
602500	925	2	2040
602600	941	3	480
602800	1118	10	60
602900	1084	9	1602
603000	1034	8	2418
603100	995	6	1881
603210	918	2	1248
603220	1017	7	801
603300	993	6	4113
603400	1035	8	2472
603500	962	4	756
603601	1003	6	2160
603602	1002	6	3702
603710	884	1	2010
603720	984	5	762
603810	897	1	534
603820	885	1	1038
603910	1004	6	3246
603920	997	6	2301
603930	1089	9	3840
604010	926	2	1869
604020	921	2	2424
604110	983	5	3513
604120	926	2	1854
604130	930	3	1893
604210	1049	8	5139
604220	1044	8	1575
604300	1118	10	12
604410	1136	10	2466
604420	1070	9	969
604500	1016	7	4266
604611	957	4	2865
604612	919	2	2544
604620	899	1	3888
604710	908	1	684
604720	1005	6	1407
604810	947	3	873
604820	915	2	1401
604830	967	5	1125
604901	1049	8	477
604902	929	2	147
605100	969	5	1320
605200	1065	9	1560
605400	969	5	1869
605500	1069	9	1707
605600	1014	7	2439
605800	1004	6	2544
605910	966	5	1740
605920	1023	7	2238
606100	1027	7	3249
606210	948	4	2553
606220	897	1	1089
606300	972	5	2367
606500	1003	6	141
606600	918	2	309
606700	955	4	2598
606800	1037	8	2067
606900	1042	8	879
607000	1014	7	381
607100	1034	8	210
607200	1030	8	417
607300	937	3	3642
607400	980	5	3987
607501	945	3	1188
607502	934	3	1947
607600	966	5	786
607700	1035	8	531
607800	988	6	672
607900	981	5	897
608000	956	4	1092
608100	1048	8	123
608301	986	6	945
608302	941	3	2733
608303	981	5	768
608500	947	3	4512
608600	988	6	2661
608700	943	3	774
608800	928	2	1479
609011	928	2	93
609012	960	4	276
609022	886	1	513
609023	926	2	933
609024	895	1	255
609025	922	2	888
609200	978	5	873
609301	986	6	1455
609302	940	3	1401
609400	997	6	144
609500	970	5	375
609600	1002	6	501
609700	981	5	570
609800	1026	7	636
609911	916	2	267
609912	927	2	1263
609913	903	1	162
609914	950	4	588
609921	890	1	231
609922	891	1	2196
610010	909	2	498
610020	937	3	1770
610031	932	3	501
610032	919	2	1647
610033	917	2	876
610040	919	2	2310
610051	921	2	2058
610052	948	4	459
610061	907	1	1659
610062	892	1	423
610071	969	5	840
610072	924	2	1752
610073	935	3	303
610080	937	3	1887
610090	936	3	681
610210	973	5	1842
610220	1044	8	1659
610230	989	6	870
610240	972	5	3018
610250	1011	7	966
610400	1045	8	2034
610500	976	5	2079
610601	982	5	3720
610602	941	3	1641
610700	890	1	3978
610800	941	3	4254
610900	980	5	3354
611001	1058	9	2514
611002	1022	7	2490
611100	1000	6	3021
611210	1057	8	636
611220	1217	10	2010
611300	1313	10	249
611400	1084	9	2688
611500	994	6	3273
611601	1061	9	3591
611602	1068	9	2661
611700	1091	9	2256
611800	1048	8	4284
611900	915	2	189
612100	1069	9	2391
612200	1045	8	429
612300	1103	10	516
612400	959	4	1479
612500	1060	9	735
612600	1013	7	831
612711	926	2	1212
612712	953	4	252
612713	947	4	270
612720	937	3	951
612730	982	5	1590
612740	933	3	1902
612800	1083	9	1827
612900	909	2	6
613000	0	0	0
614000	0	0	0
614501	0	0	0
614502	0	0	0
614601	0	0	0
614602	0	0	0
614700	0	0	0
614800	0	0	0
615100	0	0	0
615301	0	0	0
615302	0	0	0
615800	0	0	0
615900	0	0	0
616001	0	0	0
616002	0	0	0
616100	0	0	0
616200	0	0	0
616300	0	0	0
616400	0	0	0
617000	0	0	0
617101	0	0	0
617102	0	0	0
617200	0	0	0
617400	0	0	0
617500	0	0	0
617601	0	0	0
617602	0	0	0
617700	0	0	0
617800	0	0	0
617900	985	6	6
618300	0	0	0
618400	0	0	0
618500	0	0	0
619000	0	0	0
619101	0	0	0
619102	0	0	0
619201	0	0	0
619202	0	0	0
619301	0	0	0
619302	0	0	0
619303	0	0	0
619400	0	0	0
619500	0	0	0
619700	0	0	0
619900	0	0	0
620000	0	0	0
620400	0	0	0
620901	0	0	0
620902	0	0	0
621401	0	0	0
621402	0	0	0
621500	0	0	0
622000	0	0	0
622100	0	0	0
622201	0	0	0
622202	0	0	0
622700	0	0	0
623801	0	0	0
623802	0	0	0
623900	0	0	0
624100	0	0	0
624600	0	0	0
625101	0	0	0
625102	0	0	0
625103	0	0	0
625200	0	0	0
625300	0	0	0
625800	1086	9	9
625901	0	0	0
625902	0	0	0
626000	0	0	0
626100	0	0	0
626500	0	0	0
626600	0	0	0
626700	0	0	0
626801	0	0	0
626802	0	0	0
626900	0	0	0
627000	0	0	0
627200	0	0	0
