"CAUnum96"	"CAUname96"	"NZDepCAU96 wt ave score"	"NZDepCAU96 wt ave scale"	"CAU urpop96"
500100	"Awanui"	1121	10	352.00
500202	"Mangonui East"	1091	9	3838.00
500203	"Taipa Bay-Mangonui"	1040	8	1494.00
500204	"Mangonui West"	1074	9	1943.00
500205	"Ahipara"	1131	10	923.00
500206	"North Cape"	1224	10	694.00
500207	"Houhora"	1080	9	959.00
500208	"Motutangi-Kareponia"	1064	9	1690.00
500301	"Kaitaia West"	1134	10	3222.00
500302	"Kaitaia East"	1124	10	2058.00
500401	"Kaeo"	1095	9	525.00
500402	"Mangapa-Matauri Bay"	1095	9	2572.00
500500	"Kohukohu"	1192	10	224.00
500600	"Rawene"	1114	10	519.00
500700	"Omapere & Opononi"	1231	10	510.00
500801	"Hokianga North"	1193	10	2408.00
500802	"Hokianga South"	1202	10	2767.00
500900	"Kerikeri"	972	5	4161.00
501000	"Russell"	1006	7	788.00
501100	"Paihia"	1013	7	1825.00
501200	"Haruru Falls"	1016	7	553.00
501300	"East Opua"	967	5	334.00
501400	"Kawakawa"	1150	10	1459.00
501500	"Moerewa"	1241	10	1697.00
501611	"Waitangi-Te Tii"	995	6	2421.00
501612	"West Opua"	940	3	215.00
501613	"Bay of Islands"	1353	10	7.00
501620	"Pokere-Waihaha"	1092	9	2659.00
501631	"Okaihau"	1047	8	642.00
501632	"Ohaeawai"	1054	9	677.00
501633	"Waihou Valley-Hupara"	972	5	2067.00
501634	"Ngapuhi-Kaikou"	1151	10	2471.00
501700	"Kaikohe"	1196	10	4107.00
501802	"Opouteke-Tanekaha"	982	6	3479.00
501805	"Bream Head"	961	5	3589.00
501806	"Marsden Point-Ruakaka"	1053	8	2763.00
501807	"Ngunguru"	980	6	1265.00
501809	"Wharekohe-Oakleigh"	938	3	2581.00
501810	"Maungatapere"	938	3	830.00
501811	"Waiotira-Springfield"	960	4	1496.00
501812	"Waipu"	979	5	1739.00
501813	"Whangaruru Harbour"	0	0	0.00
501814	"Punaruku-Kiripaka"	1030	8	3082.00
502001	"Springs Flat"	968	5	1049.00
502002	"Three Mile Bush"	960	4	393.00
502003	"Te Hihi"	906	1	567.00
502004	"Abbey Caves"	910	1	359.00
502005	"Otaika-Portland"	979	5	818.00
502101	"Kamo West"	950	4	2795.00
502102	"Kamo East"	1051	8	2814.00
502201	"Tikipunga West"	1093	9	2655.00
502202	"Tikipunga East"	1026	8	2851.00
502300	"Whau Valley"	985	6	2395.00
502400	"Otangarei"	1363	10	2262.00
502500	"Western Hills"	888	1	213.00
502600	"Kensington"	1032	8	1299.00
502700	"Mairtown"	1014	7	2319.00
502800	"Regent"	1030	8	1858.00
502900	"Woodhill"	1025	8	1658.00
503000	"Vinetown"	1102	9	1432.00
503100	"Whangarei Central"	1072	9	198.00
503200	"Riverside"	1025	8	795.00
503300	"Horahora"	983	6	950.00
503400	"Maunu"	905	1	1236.00
503500	"Raumanga East"	1159	10	1756.00
503600	"Morningside"	1057	9	2057.00
503700	"Parahaki"	941	3	1166.00
503800	"Raumanga West"	1128	10	2954.00
503900	"Port-Limeburners"	1127	10	33.00
504000	"Sherwood Rise"	1007	7	3506.00
504100	"Onerahi"	1047	8	2111.00
504300	"Hikurangi"	1103	9	1381.00
504400	"Te Kopuru"	1088	9	493.00
504501	"Kaipara Coastal"	1021	7	3193.00
504502	"Maungaru"	954	4	1673.00
504600	"Dargaville"	1064	9	4477.00
504700	"Maungaturoto"	1000	6	846.00
504800	"Ruawai"	1040	8	471.00
504900	"Kaiwaka"	1042	8	437.00
505010	"Rehia-Oneriri"	1018	7	4643.00
505020	"Mangawhai"	1042	8	1136.00
505300	"Wellsford"	1056	9	1649.00
505400	"Leigh"	1022	7	424.00
505500	"Warkworth"	972	5	2477.00
505600	"Kumeu"	926	2	5001.00
505700	"Waipareira West"	936	3	747.00
505802	"Red Beach"	949	4	5187.00
505803	"Waiwera"	1003	6	264.00
505804	"Hatfields Beach"	981	6	1116.00
505805	"Orewa"	1007	7	4670.00
505901	"Stanmore Bay"	960	4	7351.00
505902	"Manly"	955	4	5232.00
505903	"Army Bay"	919	2	1995.00
506000	"Silverdale South"	941	3	1349.00
506200	"Silverdale North"	912	2	981.00
506300	"Dairy Flat-Redvale"	899	1	1554.00
506400	"Paremoremo West"	911	1	444.00
506613	"Tauhoa-Puhoi"	981	6	2927.00
506614	"Tahekeroa"	915	2	2501.00
506615	"Cape Rodney"	962	5	4977.00
506616	"Matheson Bay"	1010	7	123.00
506620	"Kawau"	0	0	106.00
506631	"Snells Beach"	977	5	2698.00
506632	"Algies Bay-Mahurangi"	952	4	648.00
506641	"Parakai"	1027	8	1103.00
506642	"South Head"	983	6	960.00
506643	"Kaukapakapa"	940	3	1863.00
506651	"Muriwai Beach"	937	3	1785.00
506652	"Rewiti"	935	3	1542.00
506653	"Riverhead"	893	1	1959.00
506800	"Helensville"	1039	8	2080.00
506901	"Awaruku"	911	1	2869.00
506902	"Glamorgan"	928	2	3030.00
506903	"Torbay"	925	2	4187.00
507000	"Waiake"	916	2	4001.00
507101	"Browns Bay"	933	3	3416.00
507102	"Oaktree"	913	2	3858.00
507200	"Rothesay Bay"	903	1	4246.00
507300	"Murrays Bay"	900	1	4227.00
507400	"Mairangi Bay"	897	1	4927.00
507500	"Campbells Bay"	883	1	2115.00
507710	"Castor Bay"	893	1	2774.00
507720	"Crown Hill"	915	2	3065.00
507800	"Lake Pupuke"	922	2	4781.00
507900	"Westlake"	963	5	3991.00
508010	"Takapuna Central"	945	3	2383.00
508020	"Hauraki"	927	2	5295.00
508110	"Seacliffe"	963	5	3172.00
508120	"Bayswater"	972	5	2445.00
508210	"Kaipatiki"	958	4	3667.00
508220	"Windy Ridge"	956	4	3056.00
508310	"Glenfield Central"	953	4	4046.00
508320	"Glenfield North"	953	4	3470.00
508411	"Glendhu"	952	4	4732.00
508412	"Witheford"	955	4	2425.00
508420	"Target Road"	967	5	5587.00
508510	"Forrest Hill"	930	3	4809.00
508520	"Sunnynook"	941	3	5436.00
508610	"Monarch Park"	919	2	4530.00
508620	"Sunnybrae"	940	3	2559.00
508700	"Albany North"	930	3	1678.00
508800	"Albany South"	930	3	6402.00
508900	"Long Bay"	900	1	705.00
509000	"Paremoremo East"	927	2	1968.00
509100	"Greenhithe"	888	1	3363.00
509300	"Narrow Neck"	943	3	3784.00
509400	"Mt Victoria"	933	3	5422.00
509500	"Stanley Bay"	924	2	2351.00
509701	"Ocean View"	952	4	3931.00
509702	"Tuff Crater"	1035	8	3879.00
509800	"Northcote South"	919	2	3923.00
510010	"Beachhaven North"	1006	7	4871.00
510020	"Beachhaven South"	970	5	4290.00
510210	"Birkdale North"	1019	7	2779.00
510220	"Birkdale South"	954	4	3442.00
510401	"Kauri Park"	920	2	3064.00
510402	"Chelsea"	905	1	3698.00
510500	"Birkenhead East"	912	2	3515.00
510700	"Henderson North"	996	6	4151.00
510800	"Henderson South"	1035	8	4143.00
511001	"Tangutu"	992	6	2735.00
511002	"Woodglen"	994	6	3514.00
511100	"Glen Eden East"	1003	6	5734.00
511300	"New Lynn North"	1055	9	5294.00
511401	"Fruitvale"	1036	8	3596.00
511402	"Rewarewa"	1016	7	3576.00
511601	"Glendene North"	981	6	3814.00
511602	"Glendene South"	974	5	2324.00
511700	"Kelston Central"	1035	8	3724.00
511800	"Sunnyvale"	986	6	3151.00
511901	"Kaurilands"	941	3	2764.00
511902	"Crum Park"	932	3	3597.00
512000	"Titirangi South"	900	1	3202.00
512100	"Green Bay"	953	4	3424.00
512201	"Matipo"	1013	7	2661.00
512202	"Durham Green"	1014	7	3747.00
512300	"Te Atatu Central"	986	6	3194.00
512401	"Edmonton"	991	6	2809.00
512402	"Wakeling"	955	4	3448.00
512500	"Mcleod"	976	5	4638.00
512600	"Konini"	921	2	3442.00
512700	"Waima"	899	1	2266.00
512801	"Laingholm"	920	2	2370.00
512802	"Armour Bay"	941	3	428.00
512901	"Parrs Park"	1004	7	4518.00
512902	"Otimai"	902	1	2318.00
513010	"Sturges South"	994	6	5291.00
513020	"Opanuku"	904	1	2020.00
513100	"Swanson"	952	4	2688.00
513210	"Ranui North"	1061	9	7170.00
513220	"Sturges North"	942	3	607.00
513301	"Kingdale"	1037	8	3216.00
513302	"Fairdene"	1029	8	3581.00
513410	"Whenuapai West"	918	2	1954.00
513420	"Herald"	913	2	1682.00
513430	"Hobsonville"	896	1	3261.00
513510	"Royal Road West"	991	6	2493.00
513521	"West Harbour"	1019	7	4384.00
513522	"Lucken Point"	900	1	3661.00
513530	"Royal Heights"	991	6	5629.00
513610	"West Massey"	943	3	335.00
513620	"Birdwood"	962	5	1212.00
513631	"Waimumu North"	1008	7	4018.00
513632	"Waimumu South"	993	6	3762.00
513701	"Taupaki"	918	2	772.00
513702	"Waitakere"	915	2	1703.00
513800	"Karekare"	956	4	2316.00
514000	"Freemans Bay"	1009	7	3677.00
514100	"Auckland Central"	1033	8	3805.00
514200	"Newton"	996	6	453.00
514300	"Grafton"	1019	7	1662.00
514401	"Roberton"	1025	8	4091.00
514402	"Glenavon"	1054	8	4465.00
514500	"New Windsor"	964	5	5549.00
514600	"Avondale South"	990	6	3919.00
514700	"Blockhouse Bay"	934	3	4976.00
514801	"Rosebank"	1051	8	3929.00
514802	"Avondale West"	1104	9	3282.00
514900	"Waterview"	1084	9	2898.00
515001	"Point Chevalier West"	977	5	3192.00
515002	"Point Chevalier East"	992	6	3963.00
515003	"Point Chevalier South"	1046	8	1489.00
515100	"Westmere"	944	3	4209.00
515201	"Herne Bay"	909	1	2857.00
515202	"St Marys"	940	3	2283.00
515301	"Ponsonby West"	964	5	2445.00
515302	"Ponsonby East"	950	4	3099.00
515410	"Grey Lynn West"	982	6	3175.00
515420	"Grey Lynn East"	971	5	3133.00
515431	"Surrey Crescent"	1053	8	2827.00
515432	"St Lukes North"	958	4	649.00
515500	"Arch Hill"	983	6	1131.00
515600	"Eden Terrace"	1000	6	974.00
515700	"Epsom North"	932	3	3294.00
515801	"Epsom Central"	941	3	3072.00
515802	"Epsom South"	913	2	3207.00
515901	"Parnell East"	898	1	2127.00
515902	"Parnell West"	929	2	3617.00
516001	"Mt Hobson"	960	4	1158.00
516002	"Remuera South"	930	3	3390.00
516003	"Abbotts Park"	914	2	3779.00
516101	"Remuera West"	897	1	2605.00
516102	"Waitaramoa"	895	1	3892.00
516201	"Orakei South"	897	1	3177.00
516202	"Waiata"	886	1	3937.00
516301	"Meadowbank North"	942	3	5609.00
516302	"Meadowbank South"	909	1	4419.00
516400	"Orakei North"	1018	7	4668.00
516500	"Mission Bay"	910	1	4850.00
516601	"Kohimarama West"	904	1	3016.00
516602	"Kohimarama East"	888	1	3315.00
516700	"St Heliers"	887	1	4477.00
516800	"Glendowie"	892	1	3669.00
516900	"Glen Innes North"	998	6	4824.00
517001	"Glen Innes West"	1155	10	4051.00
517002	"Glen Innes East"	1193	10	2791.00
517100	"Point England"	1239	10	3816.00
517200	"St Johns"	1000	6	2709.00
517400	"Newmarket"	990	6	1298.00
517500	"Kingsland"	1005	7	3928.00
517600	"St Lukes"	1025	8	3447.00
517701	"Sandringham North"	989	6	2773.00
517702	"Sandringham West"	1018	7	3955.00
517703	"Sandringham East"	1031	8	2952.00
517800	"Mt Albert Central"	964	5	4920.00
517901	"Springleigh"	1010	7	2298.00
517902	"Owairaka West"	1096	9	2522.00
517903	"Owairaka East"	979	5	3849.00
518101	"Mt Eden North"	1010	7	2733.00
518102	"Sherbourne"	977	5	2854.00
518201	"Balmoral"	949	4	5027.00
518202	"Mt Eden East"	946	4	2687.00
518301	"Maungawhau"	935	3	3478.00
518302	"Mt Eden South"	943	3	4056.00
518500	"Three Kings"	1080	9	4569.00
518600	"Royal Oak"	923	2	4745.00
518701	"Hillsborough West"	965	5	5493.00
518702	"Hillsborough East"	938	3	3807.00
518801	"Walmsley"	1183	10	3396.00
518802	"Wesley"	1135	10	2280.00
518803	"Akarana"	1104	10	4424.00
518901	"Lynfield North"	960	4	4651.00
518902	"Lynfield South"	925	2	3915.00
519001	"Waikowhai West"	924	2	3023.00
519002	"Waikowhai East"	1042	8	3749.00
519200	"Mt St John"	947	4	3678.00
519300	"One Tree Hill Central"	920	2	2260.00
519400	"One Tree Hill East"	961	5	4889.00
519500	"Penrose"	1041	8	620.00
519710	"Onehunga North West"	1025	8	3147.00
519720	"Onehunga North East"	961	4	3290.00
519810	"Onehunga South West"	962	5	3358.00
519820	"Onehunga South East"	1084	9	2632.00
519900	"Oranga"	1131	10	3604.00
520000	"Te Papapa"	1078	9	2693.00
520201	"Ellerslie North"	943	3	5416.00
520202	"Ellerslie South"	954	4	1476.00
520300	"Mt Wellington North"	1046	8	5547.00
520401	"Ferndale"	1041	8	3509.00
520402	"Hamlin"	1022	7	4262.00
520500	"Mt Wellington South"	1077	9	5101.00
520601	"Tamaki"	1192	10	4229.00
520602	"Panmure Basin"	989	6	2036.00
520801	"Waiheke Island"	1069	9	6286.00
520802	"Bays-Waiheke Island"	0	0	8.00
520900	"Islands-Motutapu"	0	0	5020.00
521000	"Great Barrier Island"	0	0	1130.00
521111	"Paerata-Cape Hill"	951	4	715.00
521112	"Eden Road-Hill Top"	969	5	551.00
521113	"Buckland"	934	3	1120.00
521114	"Redoubt"	958	4	172.00
521115	"Opuawhanga"	994	6	197.00
521121	"Patumahoe"	926	2	2125.00
521122	"Kingseat"	913	2	4974.00
521131	"Pokeno"	954	4	1320.00
521132	"Hunua"	920	2	3591.00
521133	"Mangatawhiri"	980	6	1890.00
521151	"Awhitu"	958	4	2174.00
521152	"Glenbrook"	935	3	1812.00
521153	"Otaua"	949	4	1827.00
521160	"Bombay"	943	3	828.00
521201	"Hingaia"	883	1	589.00
521202	"Whangapouri Creek"	897	1	470.00
521203	"Bremner"	884	1	292.00
521301	"Drury"	915	2	2954.00
521302	"Runciman"	930	2	426.00
521501	"Mellons Bay"	889	1	2832.00
521502	"Cockle Bay"	891	1	4201.00
521601	"Howick West"	930	2	2412.00
521602	"Howick Central"	940	3	4735.00
521800	"Otahuhu East"	1161	10	7676.00
521901	"Otahuhu West"	1155	10	4308.00
521902	"Middlemore"	1046	8	84.00
522100	"Papatoetoe West"	1042	8	4017.00
522201	"Papatoetoe North"	1011	7	4011.00
522202	"Papatoetoe Central"	1002	6	3704.00
522301	"Dingwall"	969	5	2507.00
522302	"Papatoetoe East"	1033	8	4267.00
522400	"Puhinui"	1001	6	3213.00
522601	"Bucklands & Eastern Beaches"	914	2	4470.00
522602	"Bucklands Beach South"	918	2	2356.00
522603	"Bleakhouse"	877	1	1834.00
522711	"Pigeon Mountain North"	951	4	2858.00
522712	"Murvale"	933	3	3570.00
522721	"Pigeon Mountain South"	955	4	1175.00
522722	"Aberfeldy"	948	4	3865.00
522723	"Elsmore Park"	936	3	2547.00
522730	"Halfmoon Bay"	907	1	3466.00
522810	"Pakuranga North"	909	1	4097.00
522820	"Sunnyhills"	906	1	2901.00
522910	"Pakuranga Central"	943	3	3088.00
522920	"Edgewater"	980	6	3468.00
523000	"Pakuranga East"	946	4	4550.00
523101	"Botany Downs"	900	1	4493.00
523102	"Maungamaungaroa"	913	2	3802.00
523103	"Cascades"	900	1	5085.00
523104	"East Tamaki"	898	1	2324.00
523201	"Shelly Park"	890	1	1966.00
523202	"Turanga"	878	1	1608.00
523300	"Beachlands-Maraetai"	933	3	4077.00
523401	"Grange"	1175	10	1912.00
523402	"Otara West"	1243	10	3051.00
523501	"Otara North"	1210	10	1622.00
523502	"Otara East"	1228	10	4413.00
523601	"Otara South"	1218	10	3341.00
523602	"Ferguson"	1252	10	4168.00
523710	"Flat Bush"	1157	10	5031.00
523721	"Clover Park"	1126	10	4653.00
523722	"Redoubt North"	1030	8	3965.00
523811	"Wairere"	894	1	1991.00
523812	"Randwick Park"	1089	9	3395.00
523813	"Ardmore"	924	2	816.00
523820	"Redoubt South"	922	2	4028.00
523910	"Takanini East"	1067	9	3899.00
523920	"Takanini West"	982	6	4707.00
524001	"Ambury"	967	5	3114.00
524002	"Mangere Bridge"	1029	8	4868.00
524111	"Mangere Central"	1156	10	2920.00
524112	"Mascot"	1142	10	3711.00
524121	"Arahanga"	1196	10	1795.00
524122	"Viscount"	1196	10	4054.00
524200	"Mangere South"	1071	9	2825.00
524301	"Mangere East"	1033	8	4714.00
524302	"Aorere"	1120	10	4912.00
524303	"Kohuora"	1031	8	4733.00
524401	"Favona"	1144	10	4680.00
524402	"Mangere Station"	1262	10	321.00
524510	"Harania North"	1180	10	3815.00
524520	"Harania West"	1145	10	4056.00
524530	"Harania East"	1159	10	4614.00
524601	"Manukau Central"	1055	9	2692.00
524602	"Wiri"	1229	10	3518.00
524711	"Burbank"	1087	9	2902.00
524712	"Homai West"	1128	10	1945.00
524713	"Rowandale"	1108	10	2861.00
524720	"Homai East"	1067	9	5186.00
524810	"Weymouth"	1020	7	5455.00
524820	"Clendon"	1132	10	5139.00
524901	"Hillpark"	929	2	4436.00
524902	"Manurewa East"	1061	9	2179.00
525001	"Manurewa Central"	1043	8	3399.00
525002	"Beaumont"	1068	9	1909.00
525101	"Leabank"	1044	8	4522.00
525102	"Wattle Farm"	989	6	4608.00
525200	"Clevedon"	927	2	3242.00
525410	"Papakura Central"	1080	9	1954.00
525420	"Papakura North"	1028	8	2269.00
525510	"Papakura South"	1200	10	1557.00
525520	"Opaheke"	948	4	2616.00
525530	"Rosehill"	1075	9	3075.00
525540	"Pahurehure"	917	2	2937.00
525610	"Papakura East"	1134	10	4494.00
525620	"Massey Park"	1014	7	1505.00
525630	"North East Papakura"	1004	7	3334.00
525700	"Red Hill"	1054	8	2629.00
525910	"Pukekohe North"	1103	9	5152.00
525921	"Pukekohe West"	975	5	4388.00
525922	"Bledisloe Park"	967	5	1907.00
526101	"Waiuku"	1008	7	5051.00
526102	"South Waiuku"	937	3	1010.00
526200	"Tuakau"	1070	9	2713.00
526400	"Rotowaro"	1122	10	1.00
526500	"Raglan"	1111	10	2633.00
526601	"Glen Massey"	1001	6	3111.00
526602	"Te Uku"	973	5	1410.00
526603	"Te Pahu"	913	2	975.00
526701	"Onewhero"	1017	7	3413.00
526702	"Te Akau"	992	6	875.00
526900	"Te Kauwhata"	1010	7	1026.00
527002	"Rototuna"	902	1	518.00
527003	"Sylvester"	888	1	1844.00
527004	"Matangi"	916	2	1434.00
527111	"Whitikahu"	943	3	1947.00
527112	"Taupiri Community"	1068	9	453.00
527121	"Eureka"	906	1	1683.00
527122	"Gordonton"	971	5	686.00
527123	"Kainui"	972	5	1930.00
527131	"Tamahere-Tauwhare"	922	2	3233.00
527132	"Hautapu"	917	2	1461.00
527210	"Waerenga"	954	4	1779.00
527221	"Maramarua"	986	6	827.00
527222	"Meremere"	1207	10	470.00
527401	"Huntly West"	1311	10	3090.00
527402	"Huntly East"	1062	9	3977.00
527501	"Cambridge North"	955	4	2373.00
527502	"Cambridge West"	978	5	2502.00
527503	"Cambridge Central"	990	6	608.00
527504	"Leamington West"	977	5	2513.00
527505	"Leamington East"	975	5	3185.00
527600	"Ohaupo"	947	4	471.00
527700	"Kihikihi"	1051	8	1785.00
527810	"Peacocke"	907	1	367.00
527820	"Temple View"	998	6	1434.00
527911	"Horotiu"	978	5	849.00
527912	"Te Kowhai"	923	2	1041.00
527913	"Whatawhata"	940	3	1433.00
527914	"Ngahinapouri"	898	1	1407.00
527915	"Lake Cameron"	908	1	845.00
527921	"Te Rore"	941	3	371.00
527922	"Pirongia"	937	3	1047.00
527923	"Pokuru"	940	3	418.00
527924	"Lake Ngaroto"	926	2	516.00
527925	"Tokanui"	1070	9	566.00
527931	"Pukerimu"	899	1	362.00
527932	"Kaipaki"	916	2	753.00
527934	"Rotoorangi"	922	2	1684.00
527935	"Te Rahu"	915	2	669.00
527936	"Kihikihi Flat"	919	2	470.00
527937	"Allen Road"	927	2	283.00
528000	"Rotongata"	974	5	843.00
528200	"Ngaruawahia"	1144	10	5251.00
528310	"Bryant"	989	6	5426.00
528320	"Pukete"	904	1	2408.00
528402	"Pukete West"	929	2	1982.00
528403	"Te Rapa"	1070	9	357.00
528404	"Burbush"	942	3	424.00
528501	"Nawton"	973	5	4312.00
528502	"Brymer"	1073	9	5094.00
528601	"Dinsdale North"	924	2	3419.00
528602	"Dinsdale South"	986	6	3946.00
528700	"Beerescourt"	939	3	3002.00
528800	"Maeroa"	1029	8	3334.00
528900	"Frankton Junction"	1046	8	1854.00
529000	"Swarbrick"	1091	9	3932.00
529100	"Hamilton Lake"	972	5	3579.00
529200	"Melville"	1014	7	4328.00
529300	"Glenview"	944	3	5022.00
529401	"Queenwood"	924	2	3299.00
529402	"Chedworth"	963	5	3356.00
529501	"Porritt"	1084	9	1575.00
529502	"Insoll"	1207	10	2602.00
529503	"Fairview Downs"	976	5	2548.00
529600	"Chartwell"	904	1	2455.00
529700	"Hamilton Central"	1101	9	2257.00
529800	"Clarkin"	1070	9	2786.00
529900	"Claudelands"	1027	8	2536.00
530000	"Enderley"	1097	9	3878.00
530100	"Peachgrove"	1023	7	2541.00
530200	"Hamilton East"	1066	9	3529.00
530300	"Naylor"	1016	7	4236.00
530400	"Bader"	1069	9	3700.00
530500	"University"	1026	8	3996.00
530600	"Dalesford"	990	6	2352.00
530700	"Hillcrest West"	960	4	3171.00
530800	"Riverlea"	905	1	2463.00
531001	"Te Awamutu West"	1000	6	1171.00
531002	"Te Awamutu Central"	1006	7	3013.00
531003	"Te Awamutu East"	1015	7	2418.00
531004	"Te Awamutu South"	1023	7	2819.00
531100	"Kawhia Community"	1148	10	646.00
531200	"Otorohanga"	1059	9	2654.00
531301	"Ngutunui"	1004	7	1621.00
531303	"Te Kawa"	952	4	466.00
531304	"Maihiihi"	961	4	4275.00
531500	"Piopio Community"	1049	8	487.00
531600	"Taharoa"	1062	9	227.00
531710	"Mahoenui"	1039	8	487.00
531720	"Marokopa"	965	5	1652.00
531731	"Waipa Valley"	963	5	948.00
531732	"Tiroa"	1084	9	81.00
531800	"Mokauiti"	1023	7	1238.00
532000	"Te Kuiti"	1094	9	4611.00
532200	"Omori"	966	5	175.00
532300	"Owhango"	1033	8	216.00
532400	"Ohura"	1185	10	374.00
532501	"Ngapuke"	1006	7	1835.00
532502	"Kuratau"	1071	9	363.00
532601	"Raurimu"	984	6	670.00
532602	"National Park"	1056	9	237.00
532700	"Otangiwai-Heao"	1015	7	1130.00
532901	"Tarrangower"	1098	9	1561.00
532902	"Taumarunui Central"	1137	10	3004.00
532903	"Sunshine-Hospital Hill"	1102	9	625.00
532904	"Manunui"	1101	9	643.00
533000	"Whitianga"	1039	8	2992.00
533100	"Coromandel"	1059	9	1471.00
533200	"Te Rerenga"	1041	8	3526.00
533300	"Whangamata"	1049	8	3704.00
533400	"Tairua"	1027	8	1440.00
533501	"Moanataiari"	1004	7	2531.00
533502	"Parawai"	1011	7	4280.00
533602	"Pauanui Beach"	931	3	647.00
533603	"Hikuai"	1009	7	3190.00
533604	"Te Puru-Thornton Bay"	1010	7	1014.00
533800	"Ngatea"	1004	7	1001.00
533901	"Hauraki Plains"	963	5	2549.00
533902	"Turua"	949	4	1309.00
533903	"Kerepehi"	1066	9	503.00
534100	"Waihi Beach"	1024	7	1914.00
534200	"Golden Cross"	999	6	3153.00
534300	"Paeroa"	1076	9	4062.00
534400	"Waihi"	1108	10	4743.00
534500	"Tahuroa"	943	3	2554.00
534601	"Ngarua"	949	4	6891.00
534602	"Waitoa"	1025	8	439.00
534800	"Te Aroha"	1004	7	3854.00
534900	"Morrinsville"	988	6	5880.00
535000	"Waharoa"	1190	10	556.00
535100	"Tirau"	1000	6	752.00
535211	"Mangakaretu"	984	6	199.00
535212	"Kinleith"	908	1	229.00
535220	"Okauia"	945	4	1845.00
535231	"Te Poi"	965	5	889.00
535232	"Tapapa"	959	4	1045.00
535241	"Karapiro"	918	2	1891.00
535242	"Hinuera"	935	3	916.00
535250	"Arapuni"	964	5	2281.00
535261	"Lichfield"	936	3	935.00
535262	"Wawa"	961	4	493.00
535310	"Paraonui"	1007	7	2027.00
535320	"Parkdale"	1094	9	836.00
535330	"Matarawa"	1121	10	2330.00
535340	"Stanley Park"	1180	10	2529.00
535350	"Tokoroa Central"	1168	10	1039.00
535360	"Aotea"	1058	9	3522.00
535370	"Strathmore"	1108	10	2634.00
535380	"Amisfield"	979	5	182.00
535500	"Matamata"	990	6	5839.00
535600	"Putaruru"	1066	9	3977.00
535700	"Athenree"	1030	8	504.00
535800	"Katikati Community"	1033	8	2661.00
535900	"Maketu Community"	1113	10	987.00
536000	"Omokoroa Community"	946	4	1587.00
536200	"Papamoa Beach East"	1028	8	4479.00
536400	"Island View-Pios Beach"	1047	8	567.00
536503	"Te Puna"	960	4	2374.00
536505	"Matapihi"	1138	10	587.00
536506	"Inlet-Tauranga Harbour Omokoro"	0	0	0.00
536508	"Inlet-Tauranga Harbour"	942	3	145.00
536509	"Waikareao Estuary"	0	0	0.00
536510	"Motuopae Island"	0	0	0.00
536511	"Papamoa Beach West"	1029	8	3010.00
536512	"Kairua"	1151	10	358.00
536513	"Bethlehem East"	912	2	474.00
536514	"Bethlehem"	972	5	1427.00
536611	"Matakana Island"	0	0	230.00
536613	"Inlet-Tauranga Harbour North"	947	4	2.00
536614	"Tahawai"	982	6	1424.00
536615	"Aongatete"	962	5	1977.00
536620	"Minden"	929	2	3127.00
536630	"Kaimai"	947	4	3793.00
536641	"Ohauiti-Ngapeke"	965	5	551.00
536642	"Upper Papamoa"	951	4	1617.00
536651	"Paengaroa"	1046	8	731.00
536653	"Rangiuru"	1013	7	1879.00
536654	"Pongakawa"	999	6	2551.00
536810	"Mt Maunganui North"	1014	7	3315.00
536820	"Omanu"	974	5	4538.00
536831	"Arataki"	1023	7	4993.00
536832	"Te Maunga"	1015	7	3396.00
537000	"Matua"	922	2	4896.00
537100	"Bellevue"	983	6	3036.00
537201	"Otumoetai North"	959	4	3685.00
537202	"Otumoetai South"	934	3	3307.00
537301	"Brookfield"	996	6	3989.00
537302	"Te Reti"	993	6	1509.00
537400	"Judea"	1020	7	2210.00
537500	"Gate Pa"	1040	8	2753.00
537600	"Greerton"	1016	7	4241.00
537700	"Yatton Park"	1112	10	2092.00
537800	"Poike"	1051	8	776.00
537900	"Hairini"	1000	6	2813.00
538000	"Maungatapu"	955	4	2562.00
538101	"Tauranga Hospital"	1060	9	1676.00
538102	"Tauranga South"	1015	7	4370.00
538201	"Tauranga Central"	993	6	2023.00
538202	"Sulphur Point"	994	6	18.00
538300	"Welcome Bay"	1004	7	5097.00
538501	"Te Puke West"	1047	8	2771.00
538502	"Te Puke East"	1046	8	3724.00
538601	"Ngongotaha North"	1059	9	2907.00
538602	"Ngongotaha South"	1027	8	1094.00
538721	"Poets Corner"	937	3	276.00
538722	"Ngapuna"	1142	10	627.00
538731	"Owhata South"	971	5	485.00
538732	"Lynmore"	891	1	2766.00
538741	"Owhata West"	1063	9	3136.00
538742	"Owhata East"	1010	7	2115.00
538810	"Hamurana"	920	2	1898.00
538820	"Tikitere"	1022	7	2744.00
538831	"Kaingaroa Forest"	1231	10	580.00
538832	"Tarawera"	912	2	1640.00
538841	"Golden Springs"	938	3	1268.00
538842	"Reporoa"	961	4	589.00
538850	"Ngakuru"	920	2	1495.00
538861	"Arahiwi"	961	5	127.00
538863	"Waiwhero"	935	3	608.00
538864	"Mamaku"	1061	9	607.00
539000	"Selwyn Heights"	1072	9	1197.00
539100	"Western Heights"	1116	10	3823.00
539200	"Fairy Springs"	1079	9	2074.00
539310	"Pukehangi North"	1094	9	2270.00
539320	"Pukehangi South"	975	5	1956.00
539400	"Mangakakahi"	1073	9	2492.00
539500	"Sunnybrook"	941	3	1958.00
539600	"Fordlands"	1326	10	2084.00
539700	"Utuhina"	993	6	1369.00
539800	"Pomare"	927	2	1420.00
539900	"Hillcrest"	1044	8	1711.00
540000	"Springfield"	907	1	4253.00
540100	"Kawaha Point"	962	5	1473.00
540200	"Koutu"	1123	10	2091.00
540300	"Ohinemutu"	1131	10	277.00
540410	"Kuirau"	1144	10	1216.00
540420	"Victoria"	1167	10	1972.00
540510	"Glenholme East"	958	4	2022.00
540520	"Glenholme West"	1121	10	2270.00
540600	"Fenton"	1075	9	1361.00
540700	"Whaka"	1249	10	258.00
540900	"Mangakino"	1299	10	1500.00
541000	"Turangi"	1128	10	3745.00
541311	"Acacia Bay"	905	1	933.00
541312	"Wairakei-Aratiatia"	1148	10	665.00
541313	"Maunganamu"	993	6	46.00
541314	"Rangatira"	924	2	805.00
541315	"Taupo East"	1080	9	179.00
541316	"Wharewaka"	940	3	237.00
541320	"Marotiri"	974	5	1307.00
541331	"Oruanui"	966	5	1789.00
541342	"Rangitaiki"	1070	9	200.00
541343	"Iwitahi"	1033	8	2073.00
541501	"Rangipo"	1092	9	334.00
541502	"Te More"	0	0	0.00
541503	"Taharua"	1045	8	53.00
541710	"Nukuhau"	996	6	1232.00
541720	"Central Taupo"	1047	8	3718.00
541730	"Tauhara"	1057	9	4103.00
541740	"Hilltop"	955	4	3244.00
541750	"Waipahihi"	929	2	1728.00
541760	"Richmond Heights"	967	5	2260.00
541900	"Ohope"	940	3	2696.00
542000	"Matata"	1092	9	617.00
542100	"Taneatua Community"	1261	10	878.00
542200	"Edgecumbe Community"	1037	8	1763.00
542300	"Te Teko"	1191	10	631.00
542410	"Whakatane North"	1040	8	3144.00
542421	"Coastlands"	950	4	546.00
542422	"Whakatane West"	1064	9	3071.00
542430	"Trident"	1090	9	3052.00
542440	"Allandale-Mokorua"	997	6	3701.00
542511	"Orini"	1188	10	572.00
542513	"Port Ohope"	0	0	0.00
542514	"Maraetotara"	978	5	70.00
542520	"Poroporo"	1055	9	644.00
542530	"Otakiri"	965	5	3501.00
542540	"Rotoma"	1054	8	1716.00
542550	"Matahina-Minginui"	1106	10	1754.00
542561	"Waimana"	1170	10	661.00
542562	"Urewera"	1144	10	1902.00
542600	"Kawerau"	1116	10	7829.00
542700	"Murupara"	1242	10	2206.00
542800	"Opotiki"	1195	10	4153.00
542901	"Te Kaha"	1282	10	363.00
542903	"Cape Runaway"	1225	10	1521.00
542904	"Oponae"	1150	10	383.00
542905	"Ohiwa Harbour"	0	0	0.00
542906	"Waiotahi"	1043	8	2955.00
543301	"East Cape"	1190	10	3098.00
543302	"Ruatoria"	1228	10	857.00
543303	"Tokomaru Bay"	1217	10	475.00
543601	"Tarndale-Rakauroa"	1025	8	1891.00
543602	"Te Karaka"	1132	10	600.00
543800	"Patutahi"	1028	8	351.00
543901	"Makaraka"	937	3	894.00
543902	"Matokitoki"	908	1	362.00
543903	"Wainui"	914	2	1377.00
544001	"Wharekaka"	987	6	2028.00
544002	"Tiniroto"	979	5	2237.00
544003	"Manutuke"	1042	8	738.00
544004	"Tolaga Bay"	1183	10	897.00
544200	"Mangapapa"	1045	8	4300.00
544300	"Te Hapara"	1062	9	4397.00
544400	"Gisborne Airport"	1160	10	2851.00
544500	"Whataupoko"	938	3	3647.00
544600	"Gisborne Central"	1058	9	3380.00
544700	"Kaiti North"	1093	9	4790.00
544801	"Kaiti South"	1170	10	2998.00
544802	"Tamarau"	1120	10	2428.00
544900	"Riverdale"	980	6	1184.00
545201	"Tuai"	1069	9	265.00
545202	"Frasertown"	1064	9	334.00
545203	"Maungataniwha"	1054	9	449.00
545204	"Ruakituri-Morere"	1029	8	813.00
545301	"Raupunga"	1108	10	839.00
545302	"Whakaki"	1081	9	942.00
545303	"Nuhaka"	1146	10	326.00
545304	"Mahia"	1144	10	924.00
545500	"Wairoa"	1097	9	5008.00
545611	"Bay View"	985	6	1713.00
545621	"Poraiti"	911	1	616.00
545631	"Meeanee"	932	3	1104.00
545632	"Awatoto"	956	4	301.00
545710	"Twyford"	945	4	1069.00
545721	"Karamu"	976	5	923.00
545722	"Whakatu"	997	6	843.00
545730	"Clive"	975	5	1375.00
545740	"Haumoana"	970	5	2122.00
545750	"Brookvale"	911	1	547.00
545761	"Irongate"	927	2	465.00
545762	"Longlands South"	935	3	825.00
545811	"Tangoio"	962	5	542.00
545812	"Eskdale"	921	2	572.00
545821	"Sherenden-Puketapu"	940	3	1924.00
545822	"Omahu"	1086	9	430.00
545831	"Waiohiki"	951	4	264.00
545832	"Pakowhai"	1021	7	601.00
545841	"Maraekakaho"	966	5	957.00
545842	"Bridge Pa"	987	6	1016.00
545851	"Poukawa"	971	5	1390.00
545852	"Pakipaki"	968	5	744.00
545860	"Waimarama"	977	5	813.00
545911	"Tutira"	1022	7	720.00
545912	"Puketitiri"	963	5	324.00
545913	"Whanawhana"	937	3	279.00
546100	"Westshore"	989	6	1144.00
546200	"Ahuriri"	1077	9	721.00
546300	"Onekawa Central"	989	6	1262.00
546400	"Onekawa West"	1026	8	64.00
546500	"Onekawa South"	1090	9	4164.00
546600	"Marewa"	1094	9	4543.00
546700	"Maraenui"	1206	10	3568.00
546801	"Hospital Hill"	968	5	2905.00
546802	"Bluff Hill"	988	6	2864.00
546901	"Nelson Park"	1062	9	2459.00
546902	"Mclean Park"	1040	8	2409.00
547001	"Tamatea North"	1025	8	2664.00
547002	"Tamatea South"	997	6	2841.00
547100	"Greenmeadows"	955	4	5181.00
547200	"Taradale North"	940	3	4857.00
547300	"Taradale South"	969	5	4727.00
547400	"Pirimai"	976	5	3355.00
547600	"Mahora"	1033	8	3501.00
547700	"St Leonards"	1023	7	2783.00
547800	"Frimley"	949	4	1459.00
547900	"Raureka"	1060	9	3890.00
548000	"Mayfair"	1057	9	3961.00
548100	"Parkvale"	1003	6	2989.00
548200	"Hastings Central"	1057	9	2970.00
548300	"Akina"	1065	9	4168.00
548400	"Woolwich"	968	5	44.00
548500	"Camberley"	1231	10	2090.00
548611	"Kingsley-Chatham"	1184	10	3154.00
548612	"Lochain"	1115	10	2835.00
548620	"Flaxmere East"	1120	10	3977.00
548810	"Anderson Park"	1072	9	1520.00
548820	"Iona"	923	2	2917.00
548830	"Te Mata"	904	1	5277.00
549000	"Takapau"	1039	8	580.00
549100	"Waipawa"	1035	8	1915.00
549200	"Tikokino"	965	5	2636.00
549400	"Otane"	1071	9	514.00
549500	"Waipukurau"	1017	7	4001.00
549601	"Porangahau"	1039	8	265.00
549602	"Elsthorpe-Flemington"	954	4	3126.00
549800	"Norsewood-Herbertville"	955	4	3733.00
549901	"Owahanga"	974	5	654.00
549902	"Rara"	960	4	13.00
550101	"Dannevirke West"	1018	7	2276.00
550102	"Dannevirke East"	1062	9	3237.00
550200	"Papatawa"	961	4	1226.00
550500	"Woodville"	1077	9	1567.00
550600	"Urenui"	1007	7	413.00
550700	"Okoki-Okau"	976	5	1911.00
550800	"Oakura"	930	2	1234.00
550901	"Bell Block"	990	6	3917.00
550902	"Paraite"	954	4	288.00
551012	"Glen Avon"	966	5	863.00
551013	"Bowden"	940	3	319.00
551014	"Mangaoraka"	949	4	644.00
551021	"Carrington"	901	1	575.00
551022	"Highlands Park"	905	1	2506.00
551023	"Fernleigh"	882	1	569.00
551024	"Barrett"	896	1	1206.00
551030	"Omata"	920	2	441.00
551111	"Lepperton"	929	2	1665.00
551112	"Kaitake"	941	3	2012.00
551120	"Okato"	1059	9	497.00
551301	"Waitara West"	1118	10	3714.00
551302	"Waitara East"	1070	9	2795.00
551400	"Moturoa"	1061	9	3820.00
551501	"Lynmouth"	1001	6	2175.00
551502	"Spotswood"	979	5	1808.00
551503	"Marfell"	1130	10	2083.00
551600	"Upper Westown"	935	3	1456.00
551700	"Westown"	993	6	3429.00
551800	"New Plymouth Central"	1065	9	664.00
551900	"Kawaroa"	1044	8	1948.00
552001	"Mount Bryan"	983	6	956.00
552002	"Marsland Hill"	1018	7	1462.00
552100	"Fitzroy"	986	6	3683.00
552200	"Welbourn"	989	6	1760.00
552300	"Merrilands"	973	5	2793.00
552400	"Frankleigh"	1008	7	3567.00
552500	"Struan Park"	988	6	4705.00
552701	"Egmont Village"	924	2	494.00
552702	"Kaimata"	931	3	2547.00
552800	"Inglewood"	1010	7	3192.00
552900	"Midhirst"	1008	7	273.00
553001	"Whangamomona"	1012	7	207.00
553002	"Douglas"	946	4	877.00
553003	"Toko"	954	4	1224.00
553004	"Pembroke"	940	3	1299.00
553101	"Stratford West"	1032	8	3323.00
553102	"Stratford East"	1034	8	2341.00
553200	"Opunake"	1110	10	1597.00
553301	"Rahotu"	983	6	312.00
553302	"Kahui"	963	5	2999.00
553400	"Kaponga"	1094	9	392.00
553500	"Mangatoki-Moeroa"	943	3	1898.00
553601	"Eltham"	1007	7	2004.00
553700	"Kapuni"	945	3	1561.00
553800	"Manaia"	1111	10	1091.00
553900	"Normanby"	1026	8	935.00
554010	"Hawera North"	1008	7	4055.00
554020	"Hawera South"	1018	7	4159.00
554111	"Ohawe Beach"	964	5	660.00
554113	"Tawhiti"	933	3	610.00
554114	"Waingongoro"	953	4	416.00
554115	"Hawera West"	891	1	602.00
554120	"Ohangai"	980	6	642.00
554130	"Okaiawa"	971	5	640.00
554300	"Waitotara"	1044	8	104.00
554400	"Whenuakura"	962	5	1150.00
554500	"Makakaho"	956	4	948.00
554700	"Patea"	1193	10	1400.00
554800	"Waverley"	1097	9	960.00
554900	"Tangiwai"	1019	7	1413.00
555000	"Ohakune"	1036	8	1388.00
555100	"Raetihi"	1131	10	1166.00
555200	"Otamatea"	904	1	976.00
555300	"Blueskin"	928	2	1321.00
555400	"Maxwell"	945	3	1417.00
555700	"Castlecliff North"	1126	10	2452.00
555800	"Castlecliff South"	1124	10	1493.00
555900	"Mosston"	1161	10	1271.00
556000	"Balgownie"	1377	10	343.00
556100	"Tawhero"	999	6	1774.00
556200	"Gonville South"	1021	7	3240.00
556300	"Gonville East"	1062	9	1271.00
556400	"Gonville West"	1243	10	1762.00
556500	"Springvale West"	960	4	1394.00
556600	"Springvale East"	932	3	1847.00
556700	"Wanganui Collegiate"	1016	7	1137.00
556800	"Laird Park"	1138	10	2349.00
556900	"Wanganui Central"	1110	10	1611.00
557000	"Spriggens Park"	1077	9	434.00
557100	"Cooks Gardens"	1098	9	456.00
557200	"St Johns Hill"	925	2	2258.00
557300	"Lower Aramoho"	1108	10	1976.00
557400	"Upper Aramoho"	1038	8	2302.00
557500	"Williams Domain"	1042	8	2079.00
557600	"Wembley Park"	1128	10	1815.00
557700	"Kowhai Park"	1036	8	2394.00
557800	"Bastia Hill"	897	1	727.00
557900	"Durie Hill"	961	4	1508.00
558100	"Putiki"	993	6	357.00
558200	"Marybank-Gordon Park"	916	2	550.00
558300	"Fordell-Kakatahi"	983	6	2528.00
558500	"Waiouru"	970	5	2480.00
558600	"Mangaweka"	1079	9	209.00
558700	"Hunterville"	1019	7	453.00
558800	"Ratana Community"	1186	10	441.00
558900	"Bulls"	980	6	1865.00
559000	"Ngamatea"	925	2	34.00
559210	"Moawhango"	948	4	729.00
559220	"Pohonui-Porewa"	951	4	2372.00
559230	"Lake Alice"	965	5	2803.00
559240	"Koitiata"	1026	8	110.00
559400	"Taihape"	1053	8	2005.00
559500	"Marton"	1045	8	5335.00
559700	"Kiwitea"	961	5	1528.00
560000	"Pohangina"	944	3	1076.00
560200	"Ashhurst"	980	6	2550.00
560301	"Stoney Creek"	958	4	590.00
560302	"Whakarongo"	915	2	796.00
560411	"Oroua Bridge"	974	5	157.00
560412	"Maewa"	917	2	447.00
560421	"Halcombe"	984	6	413.00
560422	"Tokorangi-Hiwinui"	934	3	2046.00
560710	"Feilding North"	1031	8	3842.00
560720	"Feilding West"	973	5	3537.00
560730	"Feilding Central"	1034	8	2803.00
560740	"Feilding East"	981	6	2948.00
560900	"Sanson"	1038	8	519.00
561000	"Rongotea"	966	5	637.00
561100	"Tangimoana"	1114	10	275.00
561200	"Himatangi Beach"	1097	9	513.00
561300	"Foxton Beach"	1116	10	1889.00
561410	"Rakiraki"	940	3	307.00
561421	"Ohakea"	904	1	357.00
561422	"Oroua Downs-Waitohi"	950	4	3168.00
561500	"Moutoa"	995	6	805.00
561700	"Foxton"	1118	10	2872.00
561811	"Kairanga"	935	3	668.00
561812	"Longburn"	960	4	587.00
561813	"Massey University"	952	4	1032.00
561820	"Linton Military Camp"	957	4	1792.00
561901	"Kauwhata"	924	2	1660.00
561902	"Turitea"	921	2	1080.00
562100	"Milson"	960	4	5065.00
562200	"Kelvin Grove"	974	5	2974.00
562310	"Takaro"	1010	7	5364.00
562320	"Cloverlea"	973	5	2127.00
562401	"Palmerston North Hospital"	952	4	2860.00
562402	"Papaeoia"	1012	7	2840.00
562500	"Roslyn"	1070	9	5528.00
562600	"Terrace End"	975	5	3038.00
562710	"Highbury"	1117	10	3362.00
562720	"Westbrook"	1017	7	4208.00
562800	"Palmerston North Central"	1061	9	2954.00
562910	"Awapuni North"	1071	9	3505.00
562921	"Awapuni West"	927	2	1388.00
562922	"Awapuni South"	921	2	3369.00
563000	"West End"	1005	7	4731.00
563101	"Hokowhitu West"	956	4	4298.00
563102	"Hokowhitu Lagoon"	899	1	1556.00
563200	"Hokowhitu East"	952	4	4895.00
563300	"Aokautere"	901	1	1783.00
563500	"Shannon"	1149	10	1446.00
563600	"Waitarere"	1086	9	636.00
563701	"Waikanae Beach"	991	6	2008.00
563702	"Waikanae Central"	941	3	4982.00
563703	"Waikanae East"	946	4	1663.00
563801	"Tokomaru"	984	6	591.00
563802	"Opiki"	936	3	512.00
563920	"Kaitawa"	889	1	282.00
564011	"Lake Horowhenua"	1026	8	828.00
564012	"Waiopehu"	1010	7	1601.00
564013	"Kohitere"	960	4	610.00
564021	"Mangaore-Manakau"	970	5	2706.00
564022	"Otaki Forks"	932	3	1359.00
564023	"Te Horo"	981	6	613.00
564210	"Levin North"	1008	7	3356.00
564220	"Levin West"	1072	9	2683.00
564231	"Playford Park"	1076	9	3271.00
564232	"Levin South"	1142	10	2040.00
564240	"Levin East"	999	6	4302.00
564400	"Otaki"	1061	9	5580.00
564510	"Heretaunga Park"	897	1	1252.00
564520	"Trentham South"	991	6	911.00
564530	"Pinehaven"	907	1	3189.00
564600	"Nabhra"	860	1	188.00
564800	"Glendale"	1040	8	3838.00
564900	"Parkway"	985	6	3029.00
565000	"Fernlea"	991	6	2046.00
565100	"Arakura"	1009	7	2714.00
565200	"Homedale West"	1019	7	2512.00
565300	"Homedale East"	987	6	3095.00
565400	"Pencarrow"	916	2	491.00
565601	"Pauatahanui"	892	1	673.00
565602	"Endeavour"	858	1	1995.00
565603	"Resolution"	856	1	346.00
565604	"Adventure"	921	2	1286.00
565700	"Paekakariki Hill"	885	1	134.00
565901	"Paraparaumu Beach North"	971	5	2932.00
565902	"Otaihanga"	938	3	765.00
565903	"Paraparaumu Beach South"	959	4	3456.00
566000	"Paraparaumu Central"	1015	7	5871.00
566101	"Raumati Beach"	945	3	3837.00
566102	"Raumati South"	963	5	3104.00
566200	"Paekakariki"	987	6	1671.00
566301	"Kapiti Island"	0	0	13.00
566302	"Maungakotukutuku"	945	3	448.00
566500	"Te Marua"	948	4	977.00
566610	"Akatarawa"	971	5	647.00
566620	"Emerald Hill"	953	4	2297.00
566700	"Maoribank"	1035	8	2498.00
566800	"Clouston Park"	976	5	2331.00
566900	"Totara Park"	931	3	3034.00
567000	"Ebdentown"	1014	7	2283.00
567100	"Upper Hutt Central"	1115	10	312.00
567200	"Maidstone"	1113	10	155.00
567300	"Wallaceville"	1011	7	2121.00
567400	"Elderslea"	989	6	3191.00
567500	"Moonshine"	947	4	2257.00
567600	"Brentwood"	1039	8	2099.00
567700	"Trentham North"	1016	7	2521.00
567800	"Heretaunga-Silverstream"	929	2	3117.00
567901	"Cloustonville"	917	2	287.00
567902	"Mangaroa"	896	1	1049.00
568101	"Tawhai"	944	3	3205.00
568102	"Holburn"	992	6	2059.00
568103	"Delaney"	1087	9	2316.00
568104	"Manuka"	924	2	1677.00
568201	"Taita North"	1160	10	2663.00
568202	"Taita South"	1116	10	2809.00
568301	"Naenae West"	1080	9	2198.00
568302	"Naenae North"	1129	10	4463.00
568303	"Naenae South"	1101	9	3465.00
568400	"Boulcott-Avalon"	953	4	4668.00
568501	"Epuni West"	997	6	3053.00
568502	"Epuni East"	1039	8	3020.00
568600	"Waterloo"	953	4	5058.00
568701	"Waiwhetu North"	1075	9	1378.00
568702	"Waiwhetu South"	1040	8	2208.00
568800	"Gracefield"	1117	10	57.00
568900	"Moera"	1131	10	1620.00
569001	"Woburn North"	897	1	1301.00
569002	"Woburn South"	990	6	451.00
569100	"Hutt Central"	904	1	3616.00
569201	"Melling"	961	4	536.00
569202	"Alicetown"	968	5	1924.00
569301	"Normandale"	877	1	2081.00
569302	"Maungaraki"	897	1	3473.00
569400	"Belmont"	882	1	3175.00
569500	"Kelson"	905	1	2651.00
569600	"Haywards-Manor Park"	943	3	255.00
569800	"Korokoro"	899	1	1267.00
569900	"Petone Central"	1014	7	895.00
570000	"Esplanade"	1044	8	2445.00
570100	"Wilford"	1011	7	3391.00
570300	"Eastbourne"	892	1	4769.00
570400	"Titahi Bay North"	1052	8	2328.00
570500	"Onepoto"	1016	7	1906.00
570600	"Titahi Bay South"	1128	10	3285.00
570700	"Elsdon-Takapuwahia"	1111	10	2376.00
570800	"Porirua Central"	1254	10	348.00
570900	"Porirua East"	1144	10	2028.00
571000	"Ranui Heights"	968	5	1209.00
571100	"Cannons Creek North"	1263	10	3100.00
571200	"Cannons Creek South"	1197	10	1590.00
571300	"Cannons Creek East"	1243	10	4063.00
571400	"Waitangirua"	1261	10	4130.00
571500	"Papakowhai"	882	1	2128.00
571600	"Ascot Park"	1070	9	2703.00
571800	"Pukerua Bay"	916	2	1665.00
571900	"Plimmerton"	910	1	2054.00
572000	"Mana-Camborne"	901	1	2162.00
572100	"Paremata-Postgate"	900	1	2418.00
572200	"Discovery"	885	1	2650.00
572300	"Mana Island"	0	0	0.00
572500	"Tawa South"	891	1	3546.00
572600	"Central Tawa"	939	3	4082.00
572701	"Linden"	972	5	3606.00
572702	"Greenacres"	896	1	1138.00
572900	"Thorndon-Tinakori Road"	926	2	2789.00
573000	"Lambton"	1014	7	2987.00
573100	"Willis Street-Cambridge Terrac"	1000	6	1454.00
573200	"Aro Street-Nairn Street"	1061	9	3386.00
573300	"Mt Cook-Wallace Street"	1077	9	3076.00
573400	"Mt Victoria West"	974	5	4629.00
573511	"Churton Park"	951	4	144.00
573512	"Churton"	881	1	3759.00
573521	"Grenada"	878	1	224.00
573522	"Grenada North"	1013	7	303.00
573523	"Paparangi"	891	1	967.00
573524	"Newlands East"	910	1	317.00
573600	"Johnsonville North"	916	2	1799.00
573700	"Johnsonville South"	975	5	2663.00
573800	"Johnsonville East"	916	2	1822.00
573900	"Newlands North"	944	3	4482.00
574001	"Newlands South"	941	3	3326.00
574002	"Ngauranga East"	927	2	32.00
574100	"Raroa"	936	3	2556.00
574200	"Khandallah Park"	874	1	2405.00
574302	"Te Kainga"	885	1	3415.00
574303	"Ngauranga West"	0	0	0.00
574304	"Rangoon Heights"	900	1	2028.00
574401	"Awarua"	876	1	3152.00
574402	"Ngaio"	899	1	2835.00
574500	"Kaiwharawhara"	914	2	12.00
574600	"Wadestown"	877	1	3085.00
574700	"Wilton-Otari"	908	1	4080.00
574800	"Johnston Hill"	889	1	2282.00
574900	"Karori Park"	952	4	4059.00
575000	"Karori East"	887	1	3393.00
575100	"Wright Hill"	913	2	3717.00
575200	"Northland"	914	2	2397.00
575300	"Kelburn"	926	2	3497.00
575400	"Taitville"	927	2	408.00
575500	"Mitchelltown"	958	4	554.00
575600	"Brooklyn"	920	2	3363.00
575700	"Vogeltown"	926	2	1757.00
575800	"Kingston"	941	3	2168.00
575901	"Brooklyn South"	912	2	844.00
575902	"Happy Valley-Owhiro Bay"	961	5	1225.00
576001	"Island Bay West"	946	4	3151.00
576002	"Island Bay East"	942	3	3440.00
576100	"Melrose"	954	4	3101.00
576200	"Berhampore"	1078	9	2234.00
576300	"Newtown West"	1077	9	3597.00
576400	"Newtown East"	1110	10	4464.00
576500	"Adelaide"	1002	6	790.00
576600	"Oriental Bay"	926	2	1080.00
576700	"Roseneath"	905	1	1547.00
576800	"Hataitai"	914	2	3967.00
576901	"Kilbirnie East"	1041	8	2911.00
576902	"Kilbirnie West"	968	5	3078.00
577000	"Lyall Bay"	995	6	2849.00
577100	"Strathmore Park"	1039	8	4128.00
577200	"Miramar South"	971	5	3049.00
577300	"Miramar North"	967	5	4611.00
577400	"Karaka Bay-Worser Bay"	887	1	1216.00
577500	"Seatoun"	898	1	1980.00
577600	"Maupuia"	999	6	2030.00
577700	"Makara-Ohariu"	920	2	660.00
577900	"Mangatainoka"	954	4	1748.00
578000	"Pahiatua"	1012	7	2720.00
578100	"Eketahuna"	1088	9	642.00
578200	"Nireaha-Tiraumea"	937	3	1252.00
578301	"Homebush-Te Ore Ore"	936	3	555.00
578302	"Opaki"	902	1	1065.00
578401	"Kopuaranga"	935	3	1328.00
578402	"Whareama"	959	4	1740.00
578600	"Masterton Central"	1103	9	734.00
578700	"Masterton West"	1010	7	3150.00
578800	"Masterton East"	1144	10	3503.00
578901	"Solway North"	1013	7	2266.00
578902	"Solway South"	1018	7	2900.00
579000	"Ngaumutawa"	1004	7	1338.00
579100	"Masterton Railway"	1133	10	294.00
579200	"Lansdowne"	987	6	3883.00
579400	"Waingawa"	926	2	240.00
579501	"Mt Holdsworth"	946	4	1023.00
579502	"Te Wharau"	932	3	1381.00
579700	"Carterton"	1032	8	4168.00
579801	"Kahutara"	952	4	2644.00
579802	"Tuturumuri"	974	5	474.00
579900	"Greytown"	983	6	1943.00
580000	"Featherston"	1064	9	2420.00
580100	"Martinborough"	1047	8	1457.00
580200	"Havelock"	996	6	503.00
580300	"Renwick"	940	3	1722.00
580410	"Woodbourne"	901	1	901.00
580420	"Omaka"	903	1	1218.00
580430	"Spring Creek-Riverlands"	959	4	1372.00
580442	"Waikawa"	967	5	843.00
580444	"Wairau"	933	3	3538.00
580445	"Marlborough Sounds Coastal Mar"	984	6	86.00
580446	"Marlborough Sounds Terrestrial"	963	5	3206.00
580600	"Severn"	945	3	5.00
580801	"Ward"	962	5	895.00
580802	"Seddon"	1007	7	548.00
580900	"Lake Tennyson"	945	3	2.00
581100	"Picton"	1029	8	3061.00
581210	"Springlands"	958	4	3105.00
581220	"Mayfield"	1070	9	2568.00
581230	"Blenheim Central"	1026	8	2563.00
581240	"Whitney"	990	6	3926.00
581250	"Redwoodtown"	983	6	4651.00
581260	"Witherlea"	934	3	3686.00
581400	"Kaikoura"	1003	7	2207.00
581500	"Clarence"	985	6	1309.00
581601	"Golden Bay"	1013	7	3473.00
581602	"Takaka"	991	6	1224.00
581713	"Glenduan"	931	3	367.00
581715	"Ngawhatu"	942	3	636.00
581717	"Aniseed Hill"	885	1	358.00
581720	"Hope"	923	2	1060.00
581721	"Saxton Island"	0	0	0.00
581722	"Waimea Inlet East"	0	0	0.00
581723	"Saxton"	898	1	990.00
581724	"Bests Island"	958	4	117.00
581725	"Bells Island"	0	0	0.00
581726	"Ranzau"	914	2	677.00
581811	"Richmond Hill"	991	6	77.00
581812	"Whangamoa"	956	4	557.00
581822	"Brightwater"	929	2	1241.00
581823	"Wakefield"	933	3	1419.00
581825	"Mapua"	960	4	1270.00
581831	"Inlet-Motueka"	0	0	0.00
581832	"Kaiteriteri"	995	6	608.00
581833	"Motueka Outer"	1015	7	3544.00
581834	"Rabbit Island"	1011	7	7.00
581835	"Waimea Inlet West"	983	6	12.00
581836	"Wai-Iti"	951	4	4206.00
581841	"Golden Downs"	992	6	738.00
581842	"Lake Rotoroa"	995	6	582.00
581843	"Murchison"	992	6	584.00
581844	"Tapawera"	1049	8	409.00
581850	"Riwaka"	1001	6	858.00
582000	"Clifton"	898	1	1094.00
582100	"Atawhai"	937	3	1954.00
582200	"Port Nelson"	1043	8	43.00
582300	"The Wood"	1025	8	2667.00
582400	"Britannia Heights"	999	6	4181.00
582500	"Trafalgar"	1044	8	417.00
582600	"Maitai"	1002	6	661.00
582700	"Kirks"	1012	7	915.00
582800	"Bronte"	956	4	1878.00
582900	"Atmore"	977	5	1313.00
583000	"Tahunanui"	1042	8	2006.00
583100	"Tahuna Hills"	912	2	2058.00
583201	"Toi Toi"	1080	9	1590.00
583202	"Broads"	1045	8	1509.00
583300	"Grampians"	1032	8	1882.00
583400	"The Brook"	1011	7	1170.00
583500	"Nelson Airport"	1012	7	1000.00
583600	"Nayland"	981	6	461.00
583700	"Enner Glynn"	946	4	2716.00
583800	"Maitlands"	948	4	2247.00
583900	"Isel Park"	1036	8	2805.00
584000	"Langbein"	960	4	3029.00
584201	"Richmond North"	953	4	4108.00
584202	"Richmond South"	929	2	4783.00
584301	"Motueka West"	1035	8	3316.00
584303	"Motueka East"	1019	7	3279.00
584304	"Moutere Inlet"	0	0	0.00
584305	"Jackett Island"	1026	8	16.00
584402	"Karamea"	1023	7	452.00
584403	"Hector-Ngakawau"	1176	10	357.00
584404	"Granity"	1214	10	314.00
584405	"Orowaiti"	969	5	768.00
584406	"Buller"	1056	9	2298.00
584500	"Westport"	1052	8	4238.00
584600	"Reefton"	1020	7	1046.00
584700	"Inangahua"	1008	7	1040.00
584800	"Karoro"	905	1	880.00
584911	"Kaiata"	996	6	360.00
584912	"South Beach-Camerons"	926	2	923.00
584922	"Blackball"	1143	10	397.00
584923	"Point Elizabeth"	986	6	68.00
584924	"Moana"	983	6	2298.00
584930	"Dobson"	1013	7	746.00
585000	"Runanga-Rapahoe"	1063	9	1394.00
585110	"Cobden"	1111	10	1838.00
585120	"Blaketown"	1025	8	1030.00
585130	"Greymouth Central"	1077	9	737.00
585140	"Greymouth South"	972	5	3029.00
585304	"Haast"	1012	7	361.00
585305	"Otira"	1013	7	920.00
585306	"Kumara"	1132	10	316.00
585307	"Kaniere"	946	4	410.00
585308	"Kowhitirangi"	947	4	1066.00
585309	"Ross"	1010	7	376.00
585310	"Whataroa"	947	4	568.00
585311	"Harihari"	983	6	390.00
585312	"Franz Josef"	951	4	264.00
585313	"Fox Glacier"	945	3	248.00
585400	"Hokitika"	1011	7	3361.00
585502	"Hanmer Springs"	1008	7	576.00
585503	"Amuri"	943	3	1600.00
585504	"Culverden"	1017	7	397.00
585601	"Parnassus"	953	4	966.00
585602	"Cheviot"	1012	7	443.00
585700	"Hurunui"	972	5	2509.00
585802	"Amberley"	1004	7	944.00
585803	"Leithfield"	969	5	1966.00
585805	"Sefton"	946	4	489.00
585806	"Okuku"	941	3	343.00
585807	"Loburn"	911	1	1028.00
585808	"Ashley"	928	2	697.00
586001	"Camside"	940	3	204.00
586002	"Pines-Kairaki Beach"	1031	8	647.00
586112	"Waikuku"	999	6	690.00
586114	"Cust"	920	2	363.00
586115	"Mairaki"	912	2	227.00
586116	"Fernside"	916	2	907.00
586117	"Tuahiwi"	966	5	1061.00
586118	"Coldstream"	958	4	551.00
586120	"Woodend"	921	2	1563.00
586301	"Rangiora North"	963	5	4280.00
586302	"Rangiora West"	960	4	3605.00
586303	"Rangiora East"	1004	7	1521.00
586304	"Southbrook"	934	3	456.00
586401	"Kaiapoi North"	982	6	3509.00
586402	"Kaiapoi South"	953	4	3516.00
586501	"Clarkville"	906	1	749.00
586502	"Kaiapoi West"	965	5	1057.00
586601	"West Eyreton"	922	2	839.00
586602	"Eyreton"	880	1	1517.00
586801	"Ashley Gorge"	941	3	1052.00
586802	"Oxford"	985	6	1476.00
586900	"Darfield"	949	4	1297.00
587010	"Kirwee"	903	1	2253.00
587020	"Burnham Military Camp"	947	4	1465.00
587100	"Malvern"	962	5	2515.00
587301	"Oaklands"	918	2	5376.00
587302	"Halswell South"	894	1	2082.00
587400	"Hornby North"	1012	7	2887.00
587500	"Hornby South"	1009	7	4888.00
587701	"Sockburn"	1000	6	5212.00
587702	"Wigram"	996	6	1346.00
587811	"Yaldhurst"	939	3	659.00
587812	"Broomfield"	1017	7	2468.00
587820	"Templeton"	1012	7	2837.00
587830	"Islington"	974	5	2189.00
587841	"Prebbleton"	927	2	1674.00
587842	"Halswell West"	921	2	315.00
587843	"Halswell East"	941	3	940.00
587844	"Westmorland"	883	1	1184.00
587902	"McLeans Island"	916	2	246.00
587903	"Kennedys Bush"	877	1	344.00
587904	"West Melton"	898	1	4079.00
587905	"Taitapu"	901	1	452.00
588101	"Redwood North"	936	3	3560.00
588102	"Redwood South"	944	3	2857.00
588200	"Styx Mill"	985	6	2305.00
588300	"Casebrook"	1061	9	2465.00
588400	"Sawyers Arms"	927	2	2633.00
588500	"Kaimahi"	935	3	4593.00
588600	"Harewood"	963	5	2751.00
588700	"Bishopdale"	945	4	2533.00
588800	"Russley"	920	2	2791.00
588900	"Burnside"	934	3	2291.00
589000	"Wairarapa"	967	5	1769.00
589100	"Jellie Park"	1103	9	2256.00
589200	"Bryndwr"	897	1	2795.00
589300	"Holmwood"	883	1	2349.00
589400	"Fendalton"	926	2	2703.00
589500	"Deans Bush"	893	1	1609.00
589601	"Hawthornden"	904	1	3166.00
589602	"Merrin"	915	2	1542.00
589700	"Westburn"	915	2	2709.00
589800	"Masham"	922	2	3005.00
589900	"Avonhead"	917	2	3474.00
590000	"Ilam"	943	3	4117.00
590100	"Upper Riccarton"	991	6	2517.00
590200	"Wharenui"	1018	7	2236.00
590300	"Middleton"	1072	9	815.00
590400	"Belfast"	962	5	3563.00
590500	"Marshland"	923	2	4376.00
590601	"Styx"	973	5	2537.00
590602	"Parklands"	959	4	5757.00
590700	"Riccarton West"	1004	7	3886.00
590800	"Riccarton"	1008	7	3355.00
590900	"Riccarton South"	1075	9	370.00
591101	"Cashmere West"	888	1	3112.00
591102	"Cashmere East"	885	1	3013.00
591200	"Rapaki Track"	911	1	1492.00
591300	"Heathcote Valley"	952	4	1494.00
591500	"Cathedral Square"	1034	8	832.00
591600	"Hagley Park"	1018	7	1588.00
591700	"Avon Loop"	1073	9	4176.00
591800	"Northcote"	1003	6	2320.00
591900	"Papanui"	947	4	3331.00
592000	"Aorangi"	954	4	5117.00
592100	"Strowan"	920	2	4134.00
592200	"Merivale"	941	3	3118.00
592300	"Rutland"	923	2	5019.00
592401	"St Albans West"	980	6	2650.00
592402	"St Albans East"	1016	7	4545.00
592500	"Mairehau"	976	5	2787.00
592600	"Edgeware"	1019	7	3391.00
592701	"Shirley West"	1045	8	3677.00
592702	"Shirley East"	1030	8	3442.00
592811	"Burwood"	959	4	2896.00
592812	"Dallington"	970	5	3400.00
592820	"Travis"	950	4	2363.00
592900	"Avondale"	932	3	4435.00
593000	"Chisnall"	1016	7	2795.00
593100	"Aranui"	1174	10	4676.00
593200	"North Richmond"	968	5	2859.00
593300	"South Richmond"	1101	9	2373.00
593400	"Avonside"	1057	9	3170.00
593501	"Linwood"	1109	10	4269.00
593502	"Phillipstown"	1109	10	3413.00
593600	"North Linwood"	1055	9	2424.00
593700	"East Linwood"	1067	9	1894.00
593800	"Bexley"	1061	9	3666.00
593900	"Bromley"	1050	8	3017.00
594010	"Woolston West"	1039	8	3140.00
594020	"Ferrymead"	1053	8	1884.00
594100	"Woolston South"	1058	9	2270.00
594200	"Ensors"	1065	9	3393.00
594300	"Opawa"	960	4	3373.00
594400	"St Martins"	933	3	4269.00
594500	"Waltham"	1104	9	925.00
594600	"Sydenham"	1069	9	5195.00
594700	"Addington"	1088	9	2769.00
594800	"Barrington North"	993	6	5041.00
594900	"Barrington South"	947	4	2843.00
595000	"Spreydon"	1015	7	3346.00
595100	"Hoon Hay"	937	3	2893.00
595200	"Hoon Hay South"	917	2	1863.00
595300	"Hillmorton"	1023	7	4676.00
595400	"Somerfield"	961	5	3459.00
595500	"Beckenham"	924	2	2378.00
595600	"North Beach"	1007	7	4430.00
595700	"Rawhiti"	1014	7	4156.00
595800	"New Brighton"	1047	8	2567.00
595900	"South Brighton"	956	4	3795.00
596000	"Mt Pleasant"	881	1	3794.00
596101	"Avon-Heathcote Estuary"	0	0	0.00
596102	"Moncks Bay"	902	1	3311.00
596200	"Sumner"	934	3	3712.00
596400	"Lyttelton"	968	5	3091.00
596502	"Diamond Harbour"	936	3	1071.00
596503	"Governors Bay"	883	1	704.00
596504	"Quail Island"	0	0	0.00
596600	"Port Levy"	1000	6	81.00
596800	"Akaroa"	957	4	642.00
596900	"Okains Bay"	965	5	1085.00
597000	"Chatham Islands"	0	0	730.00
597100	"Little River"	963	5	858.00
597200	"Lincoln"	955	4	2318.00
597300	"Leeston"	934	3	1232.00
597400	"Southbridge"	948	4	674.00
597501	"Ellesmere"	923	2	5371.00
597502	"Rolleston"	941	3	1066.00
597503	"Dunsandel"	934	3	387.00
597600	"Methven Community"	944	3	1073.00
597711	"Fairton"	897	1	1058.00
597712	"Plains Railway"	924	2	333.00
597720	"Mt Somers"	926	2	2292.00
597730	"Hinds"	924	2	3291.00
597741	"Chertsey"	929	2	1854.00
597742	"Rakaia"	998	6	882.00
597810	"Allenton"	934	3	5134.00
597820	"Central Ashburton West"	972	5	1099.00
597830	"Netherby"	1015	7	1561.00
597840	"Central Ashburton East"	1005	7	1583.00
597850	"Hampstead"	1002	6	2432.00
597860	"Tinwald"	959	4	2585.00
598000	"Winchester"	977	5	235.00
598201	"Fairview-Scarborough"	920	2	492.00
598202	"Otipua Creek-Washdyke Flat"	879	1	404.00
598311	"Ben McLeod"	963	5	96.00
598312	"Orari"	953	4	3738.00
598313	"Levels"	921	2	3303.00
598314	"Pareora"	1045	8	501.00
598320	"Pleasant Point"	955	4	1222.00
598500	"Geraldine"	982	6	2232.00
598600	"Temuka"	1006	7	3981.00
598700	"Washdyke"	966	5	999.00
598800	"Waimataitai"	1026	8	1252.00
598900	"Marchwiel"	1014	7	3664.00
599000	"Maori Park"	963	5	1093.00
599100	"Highfield"	939	3	3432.00
599200	"Glenwood"	969	5	1722.00
599300	"Gleniti"	896	1	1917.00
599400	"Fraser Park"	966	5	2916.00
599500	"Seaview"	1045	8	2643.00
599600	"Watlington"	1005	7	2327.00
599700	"Parkside"	1042	8	2528.00
599800	"Timaru Gardens"	1053	8	1701.00
599900	"Redruth"	1080	9	80.00
600100	"Twizel Community"	1038	8	1179.00
600200	"Fairlie"	979	5	845.00
600312	"Mt Cook"	987	6	279.00
600320	"Lake Tekapo"	944	3	294.00
600321	"Lake Alexandrina"	0	0	0.00
600322	"Inland Water-Lake Tekapo"	0	0	0.00
600323	"Mackenzie"	949	4	1480.00
600410	"Waihao"	946	4	4478.00
600420	"St Andrews"	975	5	189.00
600500	"Waimate"	1043	8	2952.00
600600	"Weston"	930	2	731.00
600811	"Pukeuri"	944	3	204.00
600812	"Ardgowan"	904	1	463.00
600813	"Cape Wanbrow"	937	3	258.00
600822	"Duntroon"	1036	8	120.00
600824	"Kurow"	956	4	412.00
600825	"Aviemore"	952	4	629.00
600826	"Maheno"	947	4	3807.00
600827	"Omarama"	943	3	356.00
600828	"Kakanui"	1018	7	428.00
600830	"Otematata"	957	4	361.00
600840	"Hampden"	1022	7	308.00
601010	"Oamaru North"	1020	7	3241.00
601020	"Orana Park"	1015	7	2755.00
601030	"Oamaru Central"	1016	7	2680.00
601040	"Oamaru South"	970	5	3085.00
601200	"Palmerston"	1009	7	905.00
601301	"Waihemo"	947	4	719.00
601302	"Hyde"	948	4	83.00
601400	"Waikouaiti"	979	5	1169.00
601500	"Aramoana"	1041	8	250.00
601602	"Waitati"	970	5	530.00
601603	"Evansdale"	969	5	1139.00
601604	"Karitane"	1074	9	443.00
601605	"Warrington"	1013	7	410.00
601700	"Nenthorn"	925	2	111.00
601900	"Fairfield"	903	1	2103.00
602000	"Brighton"	988	6	1512.00
602100	"Waldronville"	928	2	595.00
602200	"Outram"	940	3	635.00
602300	"Middlemarch"	984	6	202.00
602411	"Wyllies Crossing"	903	1	267.00
602412	"Wingatui"	925	2	959.00
602421	"Kaikorai Hill"	902	1	391.00
602422	"Kaikorai Lagoon"	892	1	440.00
602500	"Momona"	920	2	2278.00
602600	"Silverpeaks"	929	2	453.00
602800	"Fryatt"	1039	8	31.00
602900	"High St-The Oval"	1101	9	1721.00
603000	"High St-Stuart St"	1041	8	2536.00
603100	"Stuart St-Frederick St"	1060	9	2379.00
603210	"Opoho"	948	4	1281.00
603220	"Forrester Park"	978	5	845.00
603300	"North-East Valley"	1031	8	4530.00
603400	"Pine Hill"	1028	8	2412.00
603500	"Woodhaugh"	1000	6	756.00
603601	"North Dunedin"	1069	9	2977.00
603602	"Otago University"	1082	9	4600.00
603710	"Maori Hill"	914	2	1994.00
603720	"Balmacewen"	978	5	715.00
603810	"Glenleith"	911	1	591.00
603820	"Helensburgh"	901	1	1039.00
603910	"Wakari"	994	6	3174.00
603920	"Halfway Bush"	1020	7	2187.00
603930	"Brockville"	1052	8	3469.00
604010	"Roslyn North"	933	3	1780.00
604020	"Roslyn South"	925	2	2415.00
604110	"Mornington"	967	5	3497.00
604120	"Belleknowes"	925	2	1780.00
604130	"Kenmure"	931	3	1886.00
604210	"Caversham"	1042	8	5334.00
604221	"Corstorphine West"	1166	10	586.00
604222	"Corstorphine East"	935	3	906.00
604300	"Caledonian"	1039	8	6.00
604410	"South Dunedin"	1150	10	2516.00
604420	"Forbury"	1104	9	969.00
604500	"St Clair"	1019	7	4314.00
604611	"Musselburgh"	956	4	2914.00
604612	"Andersons Bay"	920	2	2559.00
604620	"Vauxhall"	906	1	4017.00
604710	"St Leonards-Blanket Bay"	907	1	749.00
604720	"Ravensbourne"	989	6	1385.00
604810	"Inner Peninsula"	943	3	949.00
604821	"Raynbirds Bay"	944	3	155.00
604822	"Macandrew Bay"	917	2	1154.00
604830	"Broad Bay-Portobello"	957	4	1202.00
604901	"Taiaroa-Cape Saunders"	1017	7	538.00
604902	"Sandymount"	936	3	147.00
605100	"Sawyers Bay"	966	5	1348.00
605200	"Port Chalmers"	1076	9	1504.00
605400	"St Kilda West"	978	5	1927.00
605500	"St Kilda Central"	1046	8	1728.00
605600	"St Kilda East"	1022	7	2535.00
605800	"Green Island Central"	988	6	2486.00
605910	"Abbotsford"	939	3	1706.00
605920	"Concord"	1014	7	2139.00
606100	"Mosgiel East"	1006	7	3668.00
606210	"Mosgiel South"	968	5	2602.00
606220	"East Taieri"	897	1	1279.00
606300	"Bush Road"	979	5	2357.00
606500	"Benhar"	1024	7	118.00
606600	"Stirling"	937	3	321.00
606700	"Bruce"	953	4	2706.00
606800	"Milton"	1020	7	2016.00
606900	"Kaitangata"	1043	8	863.00
607000	"Clinton"	970	5	345.00
607100	"Kaka Point"	988	6	253.00
607200	"Owaka"	1003	6	401.00
607300	"Clutha"	934	3	3428.00
607400	"Balclutha"	966	5	4138.00
607501	"Teviot"	991	6	1172.00
607502	"Tuapeka"	943	3	1994.00
607600	"Tapanui"	973	5	884.00
607700	"Lawrence"	1007	7	539.00
607800	"Roxburgh"	999	6	740.00
607900	"Ranfurly"	986	6	846.00
608000	"Maniototo"	937	3	1014.00
608100	"Naseby"	1008	7	110.00
608301	"Hawea"	942	3	1119.00
608302	"Dunstan"	928	2	2994.00
608303	"Clyde"	960	4	849.00
608500	"Alexandra"	950	4	4616.00
608600	"Cromwell"	999	6	2613.00
608700	"Frankton"	935	3	1264.00
608800	"Wanaka"	942	3	2133.00
609011	"Milford"	1029	8	170.00
609012	"Glenorchy"	998	6	362.00
609022	"Kelvin Heights"	892	1	695.00
609023	"Sunshine Bay"	923	2	1571.00
609024	"Matukituki"	902	1	366.00
609025	"Skippers"	893	1	1385.00
609200	"Arrowtown"	943	3	1429.00
609301	"Queenstown Bay"	960	4	1861.00
609302	"Earnslaw"	960	4	2100.00
609400	"Balfour Community"	1007	7	137.00
609500	"Riversdale Community"	935	3	367.00
609600	"Lumsden Community"	1013	7	504.00
609700	"Edendale Community"	945	4	566.00
609800	"Wyndham"	995	6	638.00
609911	"Makarewa North"	912	2	292.00
609912	"Makarewa"	931	3	1275.00
609913	"Bay Road West"	929	2	168.00
609914	"Mill Road-Woodend"	938	3	585.00
609921	"Bushy Point"	895	1	213.00
609922	"Otatara"	901	1	2298.00
610010	"Charlton"	908	1	515.00
610020	"Waikaia"	931	3	1781.00
610031	"Kaweku"	915	2	500.00
610032	"Chatton"	922	2	1735.00
610033	"Kaiwera"	915	2	925.00
610040	"Hokonui"	927	2	2359.00
610051	"Waianiwa"	917	2	2032.00
610052	"Oreti Beach"	966	5	470.00
610061	"Dacre"	909	1	1714.00
610062	"Myross Bush"	893	1	449.00
610072	"Waituna"	929	2	1790.00
610073	"Woodlands"	919	2	297.00
610074	"Greenhills"	980	6	803.00
610075	"Tiwai Point"	0	0	0.00
610080	"Toetoes"	945	4	1839.00
610090	"Wallacetown"	931	3	681.00
610210	"North Gore"	973	5	1865.00
610220	"East Gore"	1016	7	1599.00
610230	"Central Gore"	994	6	883.00
610240	"West Gore"	960	4	2938.00
610250	"South Gore"	1007	7	882.00
610400	"Mataura"	1030	8	1937.00
610500	"Winton"	965	5	2191.00
610601	"Grasmere"	980	6	3559.00
610602	"Waikiwi"	939	3	1840.00
610700	"Rosedale"	907	1	3942.00
610800	"Gladstone-Avenal"	940	3	4109.00
610900	"Windsor"	968	5	3263.00
611001	"Waverley-Glengarry"	1035	8	2403.00
611002	"Hawthorndale"	1005	7	2410.00
611100	"Richmond"	992	6	3054.00
611210	"Otakaro Park"	1056	9	589.00
611220	"Crinan"	1194	10	1773.00
611300	"West Invercargill"	1252	10	216.00
611400	"Georgetown"	1053	8	2571.00
611500	"Newfield-Rockdale"	1003	6	3091.00
611601	"Heidelberg"	1064	9	3396.00
611602	"Strathern"	1042	8	2549.00
611700	"Appleby-Kew"	1069	9	2131.00
611800	"Kingswell-Clifton"	1038	8	3758.00
611900	"Tisbury"	931	3	210.00
612100	"Bluff"	1098	9	2084.00
612200	"Nightcaps"	1065	9	396.00
612300	"Ohai"	1219	10	512.00
612400	"Te Anau"	953	4	1783.00
612500	"Tuatapere"	1004	7	739.00
612600	"Otautau"	1004	7	813.00
612711	"Mararoa River"	921	2	1264.00
612712	"Manapouri"	935	3	216.00
612713	"Mossburn"	943	3	274.00
612720	"Wairio"	948	4	922.00
612730	"Te Waewae"	977	5	1548.00
612740	"Fairfax"	924	2	1932.00
612801	"Riverton East"	1067	9	531.00
612802	"Riverton West"	1047	8	1299.00
612900	"Fiordland"	962	5	31.00
613000	"Stewart Island"	0	0	415.00
614000	"Kermadec Island"	0	0	4.00
614502	"Inlet-Hokianga Harbour"	0	0	0.00
614503	"Three Kings Islands"	0	0	0.00
614504	"Oceanic-Northland Region"	0	0	0.00
614601	"Inlet-Rangaunu Harbour"	0	0	0.00
614602	"Inlet-Doubtless Bay"	0	0	0.00
614700	"Inlet-Whangaroa Harbour"	0	0	17.00
614800	"Inlet-Bay of Islands"	0	0	137.00
615100	"Inlet-Whangarei District"	0	0	32.00
615301	"Inlet-Port Whangarei"	0	0	12.00
615302	"Inlet-Mangawhai Harbour"	0	0	0.00
615800	"Mokohinau Island"	0	0	0.00
615900	"Little Barrier Island"	0	0	2.00
616001	"Kaikoura & Rangiahua Islands"	0	0	21.00
616002	"Inlet-Port Fitzroy"	0	0	17.00
616100	"Cape Barrier"	0	0	0.00
616200	"Rakitu Island"	0	0	5.00
616300	"Browns Island"	0	0	0.00
616400	"Aiguilles Island"	0	0	0.00
617000	"Inlet-Kaipara Harbour North"	0	0	0.00
617101	"Inlet-Kaipara Harbour South"	0	0	0.00
617102	"Inlet-Kaipara River"	0	0	0.00
617200	"Inlet-Takapuna Head"	0	0	0.00
617400	"Inlet-Hobson Bay"	0	0	0.00
617500	"Oceanic-Auckland Region East"	0	0	3.00
617601	"Inlet-Manukau Harbour"	866	1	62.00
617602	"Oceanic-Auckland Region West"	0	0	0.00
617700	"Inlet-Tamaki"	0	0	17.00
617800	"Inlet-Waiuku River"	0	0	0.00
617900	"Inlet-Waitemata Harbour"	0	0	487.00
618300	"Te Motu Island"	0	0	0.00
618400	"Motiti Island"	0	0	56.00
618500	"Mayor Island"	0	0	2.00
619000	"Inlet-Raglan Harbour"	0	0	0.00
619101	"Inlet-Aotea Harbour North"	0	0	0.00
619102	"Inlets-Otorohanga District"	0	0	0.00
619201	"Inlet-Waitomo District"	0	0	0.00
619202	"Oceanic-Waikato Region West"	0	0	0.00
619301	"Inlets-Thames Coromandel Distr"	0	0	17.00
619302	"Islands-Thames Coromandel Dist"	0	0	8.00
619303	"Bays-Thames Coromandel Distric"	0	0	1.00
619400	"Oceanic-Waikato Region East"	0	0	0.00
619500	"Inlet-Firth of Thames"	0	0	0.00
619701	"Moutohora Island"	0	0	0.00
619702	"Oceanic-Bay of Plenty Region"	0	0	2.00
619900	"White Island"	0	0	0.00
620000	"Inland Water-Lake Taupo"	0	0	2.00
620400	"Oceanic-Gisborne District"	0	0	7.00
620901	"Inlet-Port Napier"	0	0	23.00
620902	"Oceanic-Hawkes Bay Region"	0	0	0.00
621401	"Port-Taranaki"	0	0	6.00
621402	"Oceanic-Taranaki Region"	0	0	0.00
621500	"Oil Rig-Taranaki"	0	0	14.00
622000	"Oceanic-Tararua Constituency"	0	0	0.00
622100	"Inlet-Wellington Harbour"	0	0	82.00
622201	"Inlet-Porirua Harbour"	0	0	49.00
622202	"Oceanic-Wellington Region"	0	0	3.00
622700	"Oceanic-Manawatu Wanganui Regi"	0	0	0.00
623801	"Inlet-Tasman Bay"	1043	8	94.00
623803	"Oceanic-Tasman Region"	0	0	7.00
623804	"Oceanic-Nelson Region"	0	0	39.00
623805	"Oceanic-Marlborough Region"	0	0	0.00
623806	"Oceanic-Canterbury Region Nort"	0	0	0.00
623900	"Inlet-Ligar Bay"	0	0	0.00
624100	"Inlet-Buller River"	0	0	0.00
624600	"Oceanic-West Coast Region"	0	0	19.00
625101	"Inlet-Port Lyttelton"	0	0	49.00
625102	"Inlet-Banks Peninsula Bays"	0	0	0.00
625103	"Oceanic-Canterbury Region Sout"	0	0	0.00
625200	"Oceanic-Chatham Islands"	0	0	0.00
625300	"Inlet-Port Timaru"	0	0	153.00
625800	"Inlet-Otago Harbour"	0	0	10.00
625901	"Inlet-Dunedin City Bays"	0	0	0.00
625902	"Oceanic-Otago Region"	0	0	0.00
626000	"Inlet-Port Oamaru"	0	0	0.00
626100	"Inlet-Milford Sound"	0	0	29.00
626500	"Dog Island"	0	0	0.00
626600	"Campbell Island"	0	0	0.00
626700	"Centre Island"	0	0	0.00
626801	"Inlet-Bluff Harbour"	0	0	0.00
626802	"Inlet-New River Estuary"	0	0	0.00
626900	"Oceanic-Oil Rigs"	0	0	0.00
627000	"Inlet-Jacobs River Estuary"	0	0	0.00
627200	"Oceanic-Southland Region"	1029	8	50.00
628000	"Ross Dependency"	0	0	0.00
666666	"NZ Economic Zone"	0	0	0.00
